000000000000	0	0
000000000001	0	1
000000000010	0	2
000000000011	0	3
000000000100	0	4
000000000101	0	5
000000000110	0	6
000000000111	14	7
000000001000	0	8
000000001001	0	9
000000001010	0	10
000000001011	0	11
000000001100	0	12
000000001101	0	13
000000001110	28	14
000000001111	30	15
000000010000	0	16
000000010001	0	17
000000010010	0	18
000000010011	0	19
000000010100	0	20
000000010101	74	21
000000010110	76	22
000000010111	78	23
000000011000	0	24
000000011001	0	25
000000011010	0	26
000000011011	0	27
000000011100	74	28
000000011101	90	29
000000011110	92	30
000000011111	94	31
000000100000	0	32
000000100001	0	33
000000100010	0	34
000000100011	74	35
000000100100	0	36
000000100101	0	37
000000100110	76	38
000000100111	78	39
000000101000	0	40
000000101001	0	41
000000101010	74	42
000000101011	90	43
000000101100	0	44
000000101101	0	45
000000101110	92	46
000000101111	94	47
000000110000	0	48
000000110001	28	49
000000110010	76	50
000000110011	92	51
000000110100	76	52
000000110101	92	53
000000110110	204	54
000000110111	206	55
000000111000	14	56
000000111001	30	57
000000111010	78	58
000000111011	94	59
000000111100	78	60
000000111101	94	61
000000111110	206	62
000000111111	222	63
000001000000	0	64
000001000001	0	65
000001000010	0	66
000001000011	0	67
000001000100	0	68
000001000101	28	69
000001000110	0	70
000001000111	30	71
000001001000	0	72
000001001001	0	73
000001001010	0	74
000001001011	0	75
000001001100	280	76
000001001101	282	77
000001001110	282	78
000001001111	286	79
000001010000	0	80
000001010001	0	81
000001010010	0	82
000001010011	0	83
000001010100	328	84
000001010101	330	85
000001010110	332	86
000001010111	334	87
000001011000	0	88
000001011001	0	89
000001011010	0	90
000001011011	0	91
000001011100	344	92
000001011101	346	93
000001011110	348	94
000001011111	350	95
000001100000	0	96
000001100001	328	97
000001100010	0	98
000001100011	390	99
000001100100	392	100
000001100101	394	101
000001100110	396	102
000001100111	398	103
000001101000	76	104
000001101001	332	105
000001101010	404	106
000001101011	406	107
000001101100	408	108
000001101101	410	109
000001101110	412	110
000001101111	414	111
000001110000	74	112
000001110001	330	113
000001110010	404	114
000001110011	454	115
000001110100	456	116
000001110101	458	117
000001110110	460	118
000001110111	462	119
000001111000	78	120
000001111001	334	121
000001111010	468	122
000001111011	470	123
000001111100	472	124
000001111101	474	125
000001111110	476	126
000001111111	478	127
000010000000	0	128
000010000001	0	129
000010000010	0	130
000010000011	0	131
000010000100	0	132
000010000101	76	133
000010000110	74	134
000010000111	78	135
000010001000	0	136
000010001001	0	137
000010001010	0	138
000010001011	0	139
000010001100	328	140
000010001101	332	141
000010001110	330	142
000010001111	334	143
000010010000	0	144
000010010001	0	145
000010010010	0	146
000010010011	0	147
000010010100	0	148
000010010101	404	149
000010010110	404	150
000010010111	468	151
000010011000	0	152
000010011001	0	153
000010011010	0	154
000010011011	0	155
000010011100	390	156
000010011101	406	157
000010011110	454	158
000010011111	470	159
000010100000	0	160
000010100001	280	161
000010100010	328	162
000010100011	344	163
000010100100	392	164
000010100101	408	165
000010100110	456	166
000010100111	472	167
000010101000	28	168
000010101001	282	169
000010101010	330	170
000010101011	346	171
000010101100	394	172
000010101101	410	173
000010101110	458	174
000010101111	474	175
000010110000	0	176
000010110001	282	177
000010110010	332	178
000010110011	348	179
000010110100	396	180
000010110101	412	181
000010110110	460	182
000010110111	476	183
000010111000	30	184
000010111001	286	185
000010111010	334	186
000010111011	350	187
000010111100	398	188
000010111101	414	189
000010111110	462	190
000010111111	478	191
000011000000	0	192
000011000001	0	193
000011000010	0	194
000011000011	0	195
000011000100	74	196
000011000101	92	197
000011000110	90	198
000011000111	94	199
000011001000	0	200
000011001001	0	201
000011001010	0	202
000011001011	0	203
000011001100	344	204
000011001101	348	205
000011001110	346	206
000011001111	350	207
000011010000	0	208
000011010001	0	209
000011010010	0	210
000011010011	0	211
000011010100	390	212
000011010101	454	213
000011010110	406	214
000011010111	470	215
000011011000	0	216
000011011001	0	217
000011011010	0	218
000011011011	0	219
000011011100	856	220
000011011101	858	221
000011011110	858	222
000011011111	862	223
000011100000	74	224
000011100001	344	225
000011100010	390	226
000011100011	856	227
000011100100	904	228
000011100101	906	229
000011100110	908	230
000011100111	910	231
000011101000	92	232
000011101001	348	233
000011101010	454	234
000011101011	858	235
000011101100	906	236
000011101101	922	237
000011101110	924	238
000011101111	926	239
000011110000	90	240
000011110001	346	241
000011110010	406	242
000011110011	858	243
000011110100	908	244
000011110101	924	245
000011110110	972	246
000011110111	974	247
000011111000	94	248
000011111001	350	249
000011111010	470	250
000011111011	862	251
000011111100	910	252
000011111101	926	253
000011111110	974	254
000011111111	990	255
000100000000	0	256
000100000001	0	257
000100000010	0	258
000100000011	74	259
000100000100	0	260
000100000101	76	261
000100000110	0	262
000100000111	78	263
000100001000	0	264
000100001001	0	265
000100001010	328	266
000100001011	390	267
000100001100	392	268
000100001101	396	269
000100001110	394	270
000100001111	398	271
000100010000	0	272
000100010001	328	273
000100010010	280	274
000100010011	344	275
000100010100	392	276
000100010101	456	277
000100010110	408	278
000100010111	472	279
000100011000	74	280
000100011001	390	281
000100011010	344	282
000100011011	856	283
000100011100	904	284
000100011101	908	285
000100011110	906	286
000100011111	910	287
000100100000	0	288
000100100001	392	289
000100100010	392	290
000100100011	904	291
000100100100	2184	292
000100100101	2186	293
000100100110	2186	294
000100100111	2190	295
000100101000	76	296
000100101001	396	297
000100101010	456	298
000100101011	908	299
000100101100	2186	300
000100101101	2202	301
000100101110	2204	302
000100101111	2206	303
000100110000	0	304
000100110001	394	305
000100110010	408	306
000100110011	906	307
000100110100	2186	308
000100110101	2204	309
000100110110	2252	310
000100110111	2254	311
000100111000	78	312
000100111001	398	313
000100111010	472	314
000100111011	910	315
000100111100	2190	316
000100111101	2206	317
000100111110	2254	318
000100111111	2270	319
000101000000	0	320
000101000001	74	321
000101000010	0	322
000101000011	90	323
000101000100	0	324
000101000101	92	325
000101000110	0	326
000101000111	94	327
000101001000	76	328
000101001001	404	329
000101001010	332	330
000101001011	406	331
000101001100	408	332
000101001101	412	333
000101001110	410	334
000101001111	414	335
000101010000	28	336
000101010001	330	337
000101010010	282	338
000101010011	346	339
000101010100	394	340
000101010101	458	341
000101010110	410	342
000101010111	474	343
000101011000	92	344
000101011001	454	345
000101011010	348	346
000101011011	858	347
000101011100	906	348
000101011101	924	349
000101011110	922	350
000101011111	926	351
000101100000	76	352
000101100001	456	353
000101100010	396	354
000101100011	908	355
000101100100	2186	356
000101100101	2204	357
000101100110	2202	358
000101100111	2206	359
000101101000	204	360
000101101001	460	361
000101101010	460	362
000101101011	972	363
000101101100	2252	364
000101101101	2458	365
000101101110	2458	366
000101101111	2462	367
000101110000	92	368
000101110001	458	369
000101110010	412	370
000101110011	924	371
000101110100	2204	372
000101110101	2506	373
000101110110	2458	374
000101110111	2510	375
000101111000	206	376
000101111001	462	377
000101111010	476	378
000101111011	974	379
000101111100	2254	380
000101111101	2510	381
000101111110	2524	382
000101111111	2526	383
000110000000	0	384
000110000001	76	385
000110000010	28	386
000110000011	92	387
000110000100	76	388
000110000101	204	389
000110000110	92	390
000110000111	206	391
000110001000	74	392
000110001001	404	393
000110001010	330	394
000110001011	454	395
000110001100	456	396
000110001101	460	397
000110001110	458	398
000110001111	462	399
000110010000	0	400
000110010001	332	401
000110010010	282	402
000110010011	348	403
000110010100	396	404
000110010101	460	405
000110010110	412	406
000110010111	476	407
000110011000	90	408
000110011001	406	409
000110011010	346	410
000110011011	858	411
000110011100	908	412
000110011101	972	413
000110011110	924	414
000110011111	974	415
000110100000	0	416
000110100001	408	417
000110100010	394	418
000110100011	906	419
000110100100	2186	420
000110100101	2252	421
000110100110	2204	422
000110100111	2254	423
000110101000	92	424
000110101001	412	425
000110101010	458	426
000110101011	924	427
000110101100	2204	428
000110101101	2458	429
000110101110	2506	430
000110101111	2510	431
000110110000	0	432
000110110001	410	433
000110110010	410	434
000110110011	922	435
000110110100	2202	436
000110110101	2458	437
000110110110	2458	438
000110110111	2524	439
000110111000	94	440
000110111001	414	441
000110111010	474	442
000110111011	926	443
000110111100	2206	444
000110111101	2462	445
000110111110	2510	446
000110111111	2526	447
000111000000	14	448
000111000001	78	449
000111000010	30	450
000111000011	94	451
000111000100	78	452
000111000101	206	453
000111000110	94	454
000111000111	222	455
000111001000	78	456
000111001001	468	457
000111001010	334	458
000111001011	470	459
000111001100	472	460
000111001101	476	461
000111001110	474	462
000111001111	478	463
000111010000	30	464
000111010001	334	465
000111010010	286	466
000111010011	350	467
000111010100	398	468
000111010101	462	469
000111010110	414	470
000111010111	478	471
000111011000	94	472
000111011001	470	473
000111011010	350	474
000111011011	862	475
000111011100	910	476
000111011101	974	477
000111011110	926	478
000111011111	990	479
000111100000	78	480
000111100001	472	481
000111100010	398	482
000111100011	910	483
000111100100	2190	484
000111100101	2254	485
000111100110	2206	486
000111100111	2270	487
000111101000	206	488
000111101001	476	489
000111101010	462	490
000111101011	974	491
000111101100	2254	492
000111101101	2524	493
000111101110	2510	494
000111101111	2526	495
000111110000	94	496
000111110001	474	497
000111110010	414	498
000111110011	926	499
000111110100	2206	500
000111110101	2510	501
000111110110	2462	502
000111110111	2526	503
000111111000	222	504
000111111001	478	505
000111111010	478	506
000111111011	990	507
000111111100	2270	508
000111111101	2526	509
000111111110	2526	510
000111111111	3038	511
001000000000	0	512
001000000001	0	513
001000000010	0	514
001000000011	28	515
001000000100	0	516
001000000101	0	517
001000000110	0	518
001000000111	30	519
001000001000	0	520
001000001001	0	521
001000001010	280	522
001000001011	282	523
001000001100	0	524
001000001101	0	525
001000001110	282	526
001000001111	286	527
001000010000	0	528
001000010001	328	529
001000010010	392	530
001000010011	394	531
001000010100	0	532
001000010101	390	533
001000010110	396	534
001000010111	398	535
001000011000	76	536
001000011001	332	537
001000011010	408	538
001000011011	410	539
001000011100	404	540
001000011101	406	541
001000011110	412	542
001000011111	414	543
001000100000	0	544
001000100001	0	545
001000100010	328	546
001000100011	330	547
001000100100	0	548
001000100101	0	549
001000100110	332	550
001000100111	334	551
001000101000	0	552
001000101001	0	553
001000101010	344	554
001000101011	346	555
001000101100	0	556
001000101101	0	557
001000101110	348	558
001000101111	350	559
001000110000	74	560
001000110001	330	561
001000110010	456	562
001000110011	458	563
001000110100	404	564
001000110101	454	565
001000110110	460	566
001000110111	462	567
001000111000	78	568
001000111001	334	569
001000111010	472	570
001000111011	474	571
001000111100	468	572
001000111101	470	573
001000111110	476	574
001000111111	478	575
001001000000	0	576
001001000001	280	577
001001000010	0	578
001001000011	282	579
001001000100	0	580
001001000101	282	581
001001000110	0	582
001001000111	286	583
001001001000	2184	584
001001001001	4370	585
001001001010	4370	586
001001001011	4374	587
001001001100	4370	588
001001001101	4374	589
001001001110	4374	590
001001001111	4382	591
001001010000	392	592
001001010001	4418	593
001001010010	4420	594
001001010011	4422	595
001001010100	4424	596
001001010101	4426	597
001001010110	4428	598
001001010111	4430	599
001001011000	2186	600
001001011001	4434	601
001001011010	4436	602
001001011011	4438	603
001001011100	4440	604
001001011101	4442	605
001001011110	4444	606
001001011111	4446	607
001001100000	392	608
001001100001	4418	609
001001100010	4424	610
001001100011	4426	611
001001100100	4420	612
001001100101	4422	613
001001100110	4428	614
001001100111	4430	615
001001101000	2186	616
001001101001	4434	617
001001101010	4440	618
001001101011	4442	619
001001101100	4436	620
001001101101	4438	621
001001101110	4444	622
001001101111	4446	623
001001110000	904	624
001001110001	4546	625
001001110010	4548	626
001001110011	4550	627
001001110100	4548	628
001001110101	4550	629
001001110110	4556	630
001001110111	4558	631
001001111000	2190	632
001001111001	4562	633
001001111010	4564	634
001001111011	4566	635
001001111100	4564	636
001001111101	4566	637
001001111110	4572	638
001001111111	4574	639
001010000000	0	640
001010000001	392	641
001010000010	328	642
001010000011	394	643
001010000100	0	644
001010000101	396	645
001010000110	390	646
001010000111	398	647
001010001000	392	648
001010001001	4420	649
001010001010	4418	650
001010001011	4422	651
001010001100	4424	652
001010001101	4428	653
001010001110	4426	654
001010001111	4430	655
001010010000	0	656
001010010001	4424	657
001010010010	4424	658
001010010011	4678	659
001010010100	0	660
001010010101	4682	661
001010010110	4682	662
001010010111	4686	663
001010011000	396	664
001010011001	4428	665
001010011010	4692	666
001010011011	4694	667
001010011100	4682	668
001010011101	4698	669
001010011110	4700	670
001010011111	4702	671
001010100000	328	672
001010100001	4418	673
001010100010	4740	674
001010100011	4742	675
001010100100	4424	676
001010100101	4692	677
001010100110	4748	678
001010100111	4750	679
001010101000	394	680
001010101001	4422	681
001010101010	4742	682
001010101011	4758	683
001010101100	4678	684
001010101101	4694	685
001010101110	4764	686
001010101111	4766	687
001010110000	390	688
001010110001	4426	689
001010110010	4748	690
001010110011	4764	691
001010110100	4682	692
001010110101	4700	693
001010110110	4812	694
001010110111	4814	695
001010111000	398	696
001010111001	4430	697
001010111010	4750	698
001010111011	4766	699
001010111100	4686	700
001010111101	4702	701
001010111110	4814	702
001010111111	4830	703
001011000000	76	704
001011000001	408	705
001011000010	332	706
001011000011	410	707
001011000100	404	708
001011000101	412	709
001011000110	406	710
001011000111	414	711
001011001000	2186	712
001011001001	4436	713
001011001010	4434	714
001011001011	4438	715
001011001100	4440	716
001011001101	4444	717
001011001110	4442	718
001011001111	4446	719
001011010000	396	720
001011010001	4692	721
001011010010	4428	722
001011010011	4694	723
001011010100	4682	724
001011010101	4700	725
001011010110	4698	726
001011010111	4702	727
001011011000	2202	728
001011011001	4946	729
001011011010	4946	730
001011011011	4950	731
001011011100	4952	732
001011011101	4954	733
001011011110	4954	734
001011011111	4958	735
001011100000	456	736
001011100001	4994	737
001011100010	4748	738
001011100011	4998	739
001011100100	4548	740
001011100101	5002	741
001011100110	5004	742
001011100111	5006	743
001011101000	2204	744
001011101001	5010	745
001011101010	5012	746
001011101011	5014	747
001011101100	5016	748
001011101101	5018	749
001011101110	5020	750
001011101111	5022	751
001011110000	908	752
001011110001	5058	753
001011110010	5004	754
001011110011	5062	755
001011110100	5064	756
001011110101	5066	757
001011110110	5068	758
001011110111	5070	759
001011111000	2206	760
001011111001	5074	761
001011111010	5076	762
001011111011	5078	763
001011111100	5080	764
001011111101	5082	765
001011111110	5084	766
001011111111	5086	767
001100000000	0	768
001100000001	328	769
001100000010	0	770
001100000011	330	771
001100000100	0	772
001100000101	332	773
001100000110	0	774
001100000111	334	775
001100001000	392	776
001100001001	4424	777
001100001010	4418	778
001100001011	4426	779
001100001100	4420	780
001100001101	4428	781
001100001110	4422	782
001100001111	4430	783
001100010000	328	784
001100010001	4740	785
001100010010	4418	786
001100010011	4742	787
001100010100	4424	788
001100010101	4748	789
001100010110	4692	790
001100010111	4750	791
001100011000	456	792
001100011001	4748	793
001100011010	4994	794
001100011011	4998	795
001100011100	4548	796
001100011101	5004	797
001100011110	5002	798
001100011111	5006	799
001100100000	280	800
001100100001	4418	801
001100100010	4418	802
001100100011	4546	803
001100100100	4370	804
001100100101	4434	805
001100100110	4434	806
001100100111	4562	807
001100101000	408	808
001100101001	4692	809
001100101010	4994	810
001100101011	5058	811
001100101100	4436	812
001100101101	4946	813
001100101110	5010	814
001100101111	5074	815
001100110000	344	816
001100110001	4742	817
001100110010	4994	818
001100110011	6342	819
001100110100	4440	820
001100110101	5012	821
001100110110	6348	822
001100110111	6350	823
001100111000	472	824
001100111001	4750	825
001100111010	6356	826
001100111011	6358	827
001100111100	4564	828
001100111101	5076	829
001100111110	6364	830
001100111111	6366	831
001101000000	0	832
001101000001	344	833
001101000010	0	834
001101000011	346	835
001101000100	0	836
001101000101	348	837
001101000110	0	838
001101000111	350	839
001101001000	2186	840
001101001001	4440	841
001101001010	4434	842
001101001011	4442	843
001101001100	4436	844
001101001101	4444	845
001101001110	4438	846
001101001111	4446	847
001101010000	394	848
001101010001	4742	849
001101010010	4422	850
001101010011	4758	851
001101010100	4678	852
001101010101	4764	853
001101010110	4694	854
001101010111	4766	855
001101011000	2204	856
001101011001	5012	857
001101011010	5010	858
001101011011	5014	859
001101011100	5016	860
001101011101	5020	861
001101011110	5018	862
001101011111	5022	863
001101100000	408	864
001101100001	4994	865
001101100010	4692	866
001101100011	5058	867
001101100100	4436	868
001101100101	5010	869
001101100110	4946	870
001101100111	5074	871
001101101000	2252	872
001101101001	6348	873
001101101010	6348	874
001101101011	6550	875
001101101100	6552	876
001101101101	6554	877
001101101110	6554	878
001101101111	6558	879
001101110000	906	880
001101110001	6342	881
001101110010	5002	882
001101110011	6598	883
001101110100	5016	884
001101110101	6602	885
001101110110	6604	886
001101110111	6606	887
001101111000	2254	888
001101111001	6350	889
001101111010	6364	890
001101111011	6614	891
001101111100	6616	892
001101111101	6618	893
001101111110	6620	894
001101111111	6622	895
001110000000	74	896
001110000001	456	897
001110000010	330	898
001110000011	458	899
001110000100	404	900
001110000101	460	901
001110000110	454	902
001110000111	462	903
001110001000	904	904
001110001001	4548	905
001110001010	4546	906
001110001011	4550	907
001110001100	4548	908
001110001101	4556	909
001110001110	4550	910
001110001111	4558	911
001110010000	390	912
001110010001	4748	913
001110010010	4426	914
001110010011	4764	915
001110010100	4682	916
001110010101	4812	917
001110010110	4700	918
001110010111	4814	919
001110011000	908	920
001110011001	5004	921
001110011010	5058	922
001110011011	5062	923
001110011100	5064	924
001110011101	5068	925
001110011110	5066	926
001110011111	5070	927
001110100000	344	928
001110100001	4994	929
001110100010	4742	930
001110100011	6342	931
001110100100	4440	932
001110100101	6348	933
001110100110	5012	934
001110100111	6350	935
001110101000	906	936
001110101001	5002	937
001110101010	6342	938
001110101011	6598	939
001110101100	5016	940
001110101101	6604	941
001110101110	6602	942
001110101111	6606	943
001110110000	856	944
001110110001	4998	945
001110110010	4998	946
001110110011	6854	947
001110110100	4952	948
001110110101	6858	949
001110110110	6858	950
001110110111	6862	951
001110111000	910	952
001110111001	5006	953
001110111010	6358	954
001110111011	6870	955
001110111100	5080	956
001110111101	6874	957
001110111110	6876	958
001110111111	6878	959
001111000000	78	960
001111000001	472	961
001111000010	334	962
001111000011	474	963
001111000100	468	964
001111000101	476	965
001111000110	470	966
001111000111	478	967
001111001000	2190	968
001111001001	4564	969
001111001010	4562	970
001111001011	4566	971
001111001100	4564	972
001111001101	4572	973
001111001110	4566	974
001111001111	4574	975
001111010000	398	976
001111010001	4750	977
001111010010	4430	978
001111010011	4766	979
001111010100	4686	980
001111010101	4814	981
001111010110	4702	982
001111010111	4830	983
001111011000	2206	984
001111011001	5076	985
001111011010	5074	986
001111011011	5078	987
001111011100	5080	988
001111011101	5084	989
001111011110	5082	990
001111011111	5086	991
001111100000	472	992
001111100001	6356	993
001111100010	4750	994
001111100011	6358	995
001111100100	4564	996
001111100101	6364	997
001111100110	5076	998
001111100111	6366	999
001111101000	2254	1000
001111101001	6364	1001
001111101010	6350	1002
001111101011	6614	1003
001111101100	6616	1004
001111101101	6620	1005
001111101110	6618	1006
001111101111	6622	1007
001111110000	910	1008
001111110001	6358	1009
001111110010	5006	1010
001111110011	6870	1011
001111110100	5080	1012
001111110101	6876	1013
001111110110	6874	1014
001111110111	6878	1015
001111111000	2270	1016
001111111001	6366	1017
001111111010	6366	1018
001111111011	7126	1019
001111111100	7128	1020
001111111101	7130	1021
001111111110	7130	1022
001111111111	7134	1023
010000000000	0	1024
010000000001	0	1025
010000000010	0	1026
010000000011	76	1027
010000000100	0	1028
010000000101	0	1029
010000000110	74	1030
010000000111	78	1031
010000001000	0	1032
010000001001	0	1033
010000001010	328	1034
010000001011	332	1035
010000001100	0	1036
010000001101	0	1037
010000001110	330	1038
010000001111	334	1039
010000010000	0	1040
010000010001	280	1041
010000010010	392	1042
010000010011	408	1043
010000010100	328	1044
010000010101	344	1045
010000010110	456	1046
010000010111	472	1047
010000011000	28	1048
010000011001	282	1049
010000011010	394	1050
010000011011	410	1051
010000011100	330	1052
010000011101	346	1053
010000011110	458	1054
010000011111	474	1055
010000100000	0	1056
010000100001	0	1057
010000100010	0	1058
010000100011	404	1059
010000100100	0	1060
010000100101	0	1061
010000100110	404	1062
010000100111	468	1063
010000101000	0	1064
010000101001	0	1065
010000101010	390	1066
010000101011	406	1067
010000101100	0	1068
010000101101	0	1069
010000101110	454	1070
010000101111	470	1071
010000110000	0	1072
010000110001	282	1073
010000110010	396	1074
010000110011	412	1075
010000110100	332	1076
010000110101	348	1077
010000110110	460	1078
010000110111	476	1079
010000111000	30	1080
010000111001	286	1081
010000111010	398	1082
010000111011	414	1083
010000111100	334	1084
010000111101	350	1085
010000111110	462	1086
010000111111	478	1087
010001000000	0	1088
010001000001	392	1089
010001000010	0	1090
010001000011	396	1091
010001000100	328	1092
010001000101	394	1093
010001000110	390	1094
010001000111	398	1095
010001001000	392	1096
010001001001	4420	1097
010001001010	4424	1098
010001001011	4428	1099
010001001100	4418	1100
010001001101	4422	1101
010001001110	4426	1102
010001001111	4430	1103
010001010000	328	1104
010001010001	4418	1105
010001010010	4424	1106
010001010011	4692	1107
010001010100	4740	1108
010001010101	4742	1109
010001010110	4748	1110
010001010111	4750	1111
010001011000	394	1112
010001011001	4422	1113
010001011010	4678	1114
010001011011	4694	1115
010001011100	4742	1116
010001011101	4758	1117
010001011110	4764	1118
010001011111	4766	1119
010001100000	0	1120
010001100001	4424	1121
010001100010	0	1122
010001100011	4682	1123
010001100100	4424	1124
010001100101	4678	1125
010001100110	4682	1126
010001100111	4686	1127
010001101000	396	1128
010001101001	4428	1129
010001101010	4682	1130
010001101011	4698	1131
010001101100	4692	1132
010001101101	4694	1133
010001101110	4700	1134
010001101111	4702	1135
010001110000	390	1136
010001110001	4426	1137
010001110010	4682	1138
010001110011	4700	1139
010001110100	4748	1140
010001110101	4764	1141
010001110110	4812	1142
010001110111	4814	1143
010001111000	398	1144
010001111001	4430	1145
010001111010	4686	1146
010001111011	4702	1147
010001111100	4750	1148
010001111101	4766	1149
010001111110	4814	1150
010001111111	4830	1151
010010000000	0	1152
010010000001	2184	1153
010010000010	392	1154
010010000011	2186	1155
010010000100	392	1156
010010000101	2186	1157
010010000110	904	1158
010010000111	2190	1159
010010001000	280	1160
010010001001	4370	1161
010010001010	4418	1162
010010001011	4434	1163
010010001100	4418	1164
010010001101	4434	1165
010010001110	4546	1166
010010001111	4562	1167
010010010000	0	1168
010010010001	4370	1169
010010010010	4420	1170
010010010011	4436	1171
010010010100	4424	1172
010010010101	4440	1173
010010010110	4548	1174
010010010111	4564	1175
010010011000	282	1176
010010011001	4374	1177
010010011010	4422	1178
010010011011	4438	1179
010010011100	4426	1180
010010011101	4442	1181
010010011110	4550	1182
010010011111	4566	1183
010010100000	0	1184
010010100001	4370	1185
010010100010	4424	1186
010010100011	4440	1187
010010100100	4420	1188
010010100101	4436	1189
010010100110	4548	1190
010010100111	4564	1191
010010101000	282	1192
010010101001	4374	1193
010010101010	4426	1194
010010101011	4442	1195
010010101100	4422	1196
010010101101	4438	1197
010010101110	4550	1198
010010101111	4566	1199
010010110000	0	1200
010010110001	4374	1201
010010110010	4428	1202
010010110011	4444	1203
010010110100	4428	1204
010010110101	4444	1205
010010110110	4556	1206
010010110111	4572	1207
010010111000	286	1208
010010111001	4382	1209
010010111010	4430	1210
010010111011	4446	1211
010010111100	4430	1212
010010111101	4446	1213
010010111110	4558	1214
010010111111	4574	1215
010011000000	76	1216
010011000001	2186	1217
010011000010	396	1218
010011000011	2202	1219
010011000100	456	1220
010011000101	2204	1221
010011000110	908	1222
010011000111	2206	1223
010011001000	408	1224
010011001001	4436	1225
010011001010	4692	1226
010011001011	4946	1227
010011001100	4994	1228
010011001101	5010	1229
010011001110	5058	1230
010011001111	5074	1231
010011010000	332	1232
010011010001	4434	1233
010011010010	4428	1234
010011010011	4946	1235
010011010100	4748	1236
010011010101	5012	1237
010011010110	5004	1238
010011010111	5076	1239
010011011000	410	1240
010011011001	4438	1241
010011011010	4694	1242
010011011011	4950	1243
010011011100	4998	1244
010011011101	5014	1245
010011011110	5062	1246
010011011111	5078	1247
010011100000	404	1248
010011100001	4440	1249
010011100010	4682	1250
010011100011	4952	1251
010011100100	4548	1252
010011100101	5016	1253
010011100110	5064	1254
010011100111	5080	1255
010011101000	412	1256
010011101001	4444	1257
010011101010	4700	1258
010011101011	4954	1259
010011101100	5002	1260
010011101101	5018	1261
010011101110	5066	1262
010011101111	5082	1263
010011110000	406	1264
010011110001	4442	1265
010011110010	4698	1266
010011110011	4954	1267
010011110100	5004	1268
010011110101	5020	1269
010011110110	5068	1270
010011110111	5084	1271
010011111000	414	1272
010011111001	4446	1273
010011111010	4702	1274
010011111011	4958	1275
010011111100	5006	1276
010011111101	5022	1277
010011111110	5070	1278
010011111111	5086	1279
010100000000	0	1280
010100000001	392	1281
010100000010	328	1282
010100000011	456	1283
010100000100	280	1284
010100000101	408	1285
010100000110	344	1286
010100000111	472	1287
010100001000	328	1288
010100001001	4424	1289
010100001010	4740	1290
010100001011	4748	1291
010100001100	4418	1292
010100001101	4692	1293
010100001110	4742	1294
010100001111	4750	1295
010100010000	0	1296
010100010001	4418	1297
010100010010	4418	1298
010100010011	4994	1299
010100010100	4418	1300
010100010101	4994	1301
010100010110	4994	1302
010100010111	6356	1303
010100011000	330	1304
010100011001	4426	1305
010100011010	4742	1306
010100011011	4998	1307
010100011100	4546	1308
010100011101	5058	1309
010100011110	6342	1310
010100011111	6358	1311
010100100000	0	1312
010100100001	4420	1313
010100100010	4424	1314
010100100011	4548	1315
010100100100	4370	1316
010100100101	4436	1317
010100100110	4440	1318
010100100111	4564	1319
010100101000	332	1320
010100101001	4428	1321
010100101010	4748	1322
010100101011	5004	1323
010100101100	4434	1324
010100101101	4946	1325
010100101110	5012	1326
010100101111	5076	1327
010100110000	0	1328
010100110001	4422	1329
010100110010	4692	1330
010100110011	5002	1331
010100110100	4434	1332
010100110101	5010	1333
010100110110	6348	1334
010100110111	6364	1335
010100111000	334	1336
010100111001	4430	1337
010100111010	4750	1338
010100111011	5006	1339
010100111100	4562	1340
010100111101	5074	1341
010100111110	6350	1342
010100111111	6366	1343
010101000000	74	1344
010101000001	904	1345
010101000010	390	1346
010101000011	908	1347
010101000100	344	1348
010101000101	906	1349
010101000110	856	1350
010101000111	910	1351
010101001000	456	1352
010101001001	4548	1353
010101001010	4748	1354
010101001011	5004	1355
010101001100	4994	1356
010101001101	5002	1357
010101001110	4998	1358
010101001111	5006	1359
010101010000	330	1360
010101010001	4546	1361
010101010010	4426	1362
010101010011	5058	1363
010101010100	4742	1364
010101010101	6342	1365
010101010110	4998	1366
010101010111	6358	1367
010101011000	458	1368
010101011001	4550	1369
010101011010	4764	1370
010101011011	5062	1371
010101011100	6342	1372
010101011101	6598	1373
010101011110	6854	1374
010101011111	6870	1375
010101100000	404	1376
010101100001	4548	1377
010101100010	4682	1378
010101100011	5064	1379
010101100100	4440	1380
010101100101	5016	1381
010101100110	4952	1382
010101100111	5080	1383
010101101000	460	1384
010101101001	4556	1385
010101101010	4812	1386
010101101011	5068	1387
010101101100	6348	1388
010101101101	6604	1389
010101101110	6858	1390
010101101111	6874	1391
010101110000	454	1392
010101110001	4550	1393
010101110010	4700	1394
010101110011	5066	1395
010101110100	5012	1396
010101110101	6602	1397
010101110110	6858	1398
010101110111	6876	1399
010101111000	462	1400
010101111001	4558	1401
010101111010	4814	1402
010101111011	5070	1403
010101111100	6350	1404
010101111101	6606	1405
010101111110	6862	1406
010101111111	6878	1407
010110000000	0	1408
010110000001	2186	1409
010110000010	394	1410
010110000011	2204	1411
010110000100	408	1412
010110000101	2252	1413
010110000110	906	1414
010110000111	2254	1415
010110001000	344	1416
010110001001	4440	1417
010110001010	4742	1418
010110001011	5012	1419
010110001100	4994	1420
010110001101	6348	1421
010110001110	6342	1422
010110001111	6350	1423
010110010000	0	1424
010110010001	4434	1425
010110010010	4422	1426
010110010011	5010	1427
010110010100	4692	1428
010110010101	6348	1429
010110010110	5002	1430
010110010111	6364	1431
010110011000	346	1432
010110011001	4442	1433
010110011010	4758	1434
010110011011	5014	1435
010110011100	5058	1436
010110011101	6550	1437
010110011110	6598	1438
010110011111	6614	1439
010110100000	0	1440
010110100001	4436	1441
010110100010	4678	1442
010110100011	5016	1443
010110100100	4436	1444
010110100101	6552	1445
010110100110	5016	1446
010110100111	6616	1447
010110101000	348	1448
010110101001	4444	1449
010110101010	4764	1450
010110101011	5020	1451
010110101100	5010	1452
010110101101	6554	1453
010110101110	6602	1454
010110101111	6618	1455
010110110000	0	1456
010110110001	4438	1457
010110110010	4694	1458
010110110011	5018	1459
010110110100	4946	1460
010110110101	6554	1461
010110110110	6604	1462
010110110111	6620	1463
010110111000	350	1464
010110111001	4446	1465
010110111010	4766	1466
010110111011	5022	1467
010110111100	5074	1468
010110111101	6558	1469
010110111110	6606	1470
010110111111	6622	1471
010111000000	78	1472
010111000001	2190	1473
010111000010	398	1474
010111000011	2206	1475
010111000100	472	1476
010111000101	2254	1477
010111000110	910	1478
010111000111	2270	1479
010111001000	472	1480
010111001001	4564	1481
010111001010	4750	1482
010111001011	5076	1483
010111001100	6356	1484
010111001101	6364	1485
010111001110	6358	1486
010111001111	6366	1487
010111010000	334	1488
010111010001	4562	1489
010111010010	4430	1490
010111010011	5074	1491
010111010100	4750	1492
010111010101	6350	1493
010111010110	5006	1494
010111010111	6366	1495
010111011000	474	1496
010111011001	4566	1497
010111011010	4766	1498
010111011011	5078	1499
010111011100	6358	1500
010111011101	6614	1501
010111011110	6870	1502
010111011111	7126	1503
010111100000	468	1504
010111100001	4564	1505
010111100010	4686	1506
010111100011	5080	1507
010111100100	4564	1508
010111100101	6616	1509
010111100110	5080	1510
010111100111	7128	1511
010111101000	476	1512
010111101001	4572	1513
010111101010	4814	1514
010111101011	5084	1515
010111101100	6364	1516
010111101101	6620	1517
010111101110	6876	1518
010111101111	7130	1519
010111110000	470	1520
010111110001	4566	1521
010111110010	4702	1522
010111110011	5082	1523
010111110100	5076	1524
010111110101	6618	1525
010111110110	6874	1526
010111110111	7130	1527
010111111000	478	1528
010111111001	4574	1529
010111111010	4830	1530
010111111011	5086	1531
010111111100	6366	1532
010111111101	6622	1533
010111111110	6878	1534
010111111111	7134	1535
011000000000	0	1536
011000000001	0	1537
011000000010	74	1538
011000000011	92	1539
011000000100	0	1540
011000000101	0	1541
011000000110	90	1542
011000000111	94	1543
011000001000	0	1544
011000001001	0	1545
011000001010	344	1546
011000001011	348	1547
011000001100	0	1548
011000001101	0	1549
011000001110	346	1550
011000001111	350	1551
011000010000	74	1552
011000010001	344	1553
011000010010	904	1554
011000010011	906	1555
011000010100	390	1556
011000010101	856	1557
011000010110	908	1558
011000010111	910	1559
011000011000	92	1560
011000011001	348	1561
011000011010	906	1562
011000011011	922	1563
011000011100	454	1564
011000011101	858	1565
011000011110	924	1566
011000011111	926	1567
011000100000	0	1568
011000100001	0	1569
011000100010	390	1570
011000100011	454	1571
011000100100	0	1572
011000100101	0	1573
011000100110	406	1574
011000100111	470	1575
011000101000	0	1576
011000101001	0	1577
011000101010	856	1578
011000101011	858	1579
011000101100	0	1580
011000101101	0	1581
011000101110	858	1582
011000101111	862	1583
011000110000	90	1584
011000110001	346	1585
011000110010	908	1586
011000110011	924	1587
011000110100	406	1588
011000110101	858	1589
011000110110	972	1590
011000110111	974	1591
011000111000	94	1592
011000111001	350	1593
011000111010	910	1594
011000111011	926	1595
011000111100	470	1596
011000111101	862	1597
011000111110	974	1598
011000111111	990	1599
011001000000	76	1600
011001000001	408	1601
011001000010	404	1602
011001000011	412	1603
011001000100	332	1604
011001000101	410	1605
011001000110	406	1606
011001000111	414	1607
011001001000	2186	1608
011001001001	4436	1609
011001001010	4440	1610
011001001011	4444	1611
011001001100	4434	1612
011001001101	4438	1613
011001001110	4442	1614
011001001111	4446	1615
011001010000	456	1616
011001010001	4994	1617
011001010010	4548	1618
011001010011	5002	1619
011001010100	4748	1620
011001010101	4998	1621
011001010110	5004	1622
011001010111	5006	1623
011001011000	2204	1624
011001011001	5010	1625
011001011010	5016	1626
011001011011	5018	1627
011001011100	5012	1628
011001011101	5014	1629
011001011110	5020	1630
011001011111	5022	1631
011001100000	396	1632
011001100001	4692	1633
011001100010	4682	1634
011001100011	4700	1635
011001100100	4428	1636
011001100101	4694	1637
011001100110	4698	1638
011001100111	4702	1639
011001101000	2202	1640
011001101001	4946	1641
011001101010	4952	1642
011001101011	4954	1643
011001101100	4946	1644
011001101101	4950	1645
011001101110	4954	1646
011001101111	4958	1647
011001110000	908	1648
011001110001	5058	1649
011001110010	5064	1650
011001110011	5066	1651
011001110100	5004	1652
011001110101	5062	1653
011001110110	5068	1654
011001110111	5070	1655
011001111000	2206	1656
011001111001	5074	1657
011001111010	5080	1658
011001111011	5082	1659
011001111100	5076	1660
011001111101	5078	1661
011001111110	5084	1662
011001111111	5086	1663
011010000000	76	1664
011010000001	2186	1665
011010000010	456	1666
011010000011	2204	1667
011010000100	396	1668
011010000101	2202	1669
011010000110	908	1670
011010000111	2206	1671
011010001000	408	1672
011010001001	4436	1673
011010001010	4994	1674
011010001011	5010	1675
011010001100	4692	1676
011010001101	4946	1677
011010001110	5058	1678
011010001111	5074	1679
011010010000	404	1680
011010010001	4440	1681
011010010010	4548	1682
011010010011	5016	1683
011010010100	4682	1684
011010010101	4952	1685
011010010110	5064	1686
011010010111	5080	1687
011010011000	412	1688
011010011001	4444	1689
011010011010	5002	1690
011010011011	5018	1691
011010011100	4700	1692
011010011101	4954	1693
011010011110	5066	1694
011010011111	5082	1695
011010100000	332	1696
011010100001	4434	1697
011010100010	4748	1698
011010100011	5012	1699
011010100100	4428	1700
011010100101	4946	1701
011010100110	5004	1702
011010100111	5076	1703
011010101000	410	1704
011010101001	4438	1705
011010101010	4998	1706
011010101011	5014	1707
011010101100	4694	1708
011010101101	4950	1709
011010101110	5062	1710
011010101111	5078	1711
011010110000	406	1712
011010110001	4442	1713
011010110010	5004	1714
011010110011	5020	1715
011010110100	4698	1716
011010110101	4954	1717
011010110110	5068	1718
011010110111	5084	1719
011010111000	414	1720
011010111001	4446	1721
011010111010	5006	1722
011010111011	5022	1723
011010111100	4702	1724
011010111101	4958	1725
011010111110	5070	1726
011010111111	5086	1727
011011000000	204	1728
011011000001	2252	1729
011011000010	460	1730
011011000011	2458	1731
011011000100	460	1732
011011000101	2458	1733
011011000110	972	1734
011011000111	2462	1735
011011001000	2252	1736
011011001001	6552	1737
011011001010	6348	1738
011011001011	6554	1739
011011001100	6348	1740
011011001101	6554	1741
011011001110	6550	1742
011011001111	6558	1743
011011010000	460	1744
011011010001	6348	1745
011011010010	4556	1746
011011010011	6604	1747
011011010100	4812	1748
011011010101	6858	1749
011011010110	5068	1750
011011010111	6874	1751
011011011000	2458	1752
011011011001	6554	1753
011011011010	6604	1754
011011011011	13142	1755
011011011100	6858	1756
011011011101	13146	1757
011011011110	13148	1758
011011011111	13150	1759
011011100000	460	1760
011011100001	6348	1761
011011100010	4812	1762
011011100011	6858	1763
011011100100	4556	1764
011011100101	6604	1765
011011100110	5068	1766
011011100111	6874	1767
011011101000	2458	1768
011011101001	6554	1769
011011101010	6858	1770
011011101011	13146	1771
011011101100	6604	1772
011011101101	13142	1773
011011101110	13148	1774
011011101111	13150	1775
011011110000	972	1776
011011110001	6550	1777
011011110010	5068	1778
011011110011	13148	1779
011011110100	5068	1780
011011110101	13148	1781
011011110110	13260	1782
011011110111	13262	1783
011011111000	2462	1784
011011111001	6558	1785
011011111010	6874	1786
011011111011	13150	1787
011011111100	6874	1788
011011111101	13150	1789
011011111110	13262	1790
011011111111	13278	1791
011100000000	28	1792
011100000001	394	1793
011100000010	330	1794
011100000011	458	1795
011100000100	282	1796
011100000101	410	1797
011100000110	346	1798
011100000111	474	1799
011100001000	394	1800
011100001001	4678	1801
011100001010	4742	1802
011100001011	4764	1803
011100001100	4422	1804
011100001101	4694	1805
011100001110	4758	1806
011100001111	4766	1807
011100010000	330	1808
011100010001	4742	1809
011100010010	4546	1810
011100010011	6342	1811
011100010100	4426	1812
011100010101	4998	1813
011100010110	5058	1814
011100010111	6358	1815
011100011000	458	1816
011100011001	4764	1817
011100011010	6342	1818
011100011011	6854	1819
011100011100	4550	1820
011100011101	5062	1821
011100011110	6598	1822
011100011111	6870	1823
011100100000	282	1824
011100100001	4422	1825
011100100010	4426	1826
011100100011	4550	1827
011100100100	4374	1828
011100100101	4438	1829
011100100110	4442	1830
011100100111	4566	1831
011100101000	410	1832
011100101001	4694	1833
011100101010	4998	1834
011100101011	5062	1835
011100101100	4438	1836
011100101101	4950	1837
011100101110	5014	1838
011100101111	5078	1839
011100110000	346	1840
011100110001	4758	1841
011100110010	5058	1842
011100110011	6598	1843
011100110100	4442	1844
011100110101	5014	1845
011100110110	6550	1846
011100110111	6614	1847
011100111000	474	1848
011100111001	4766	1849
011100111010	6358	1850
011100111011	6870	1851
011100111100	4566	1852
011100111101	5078	1853
011100111110	6614	1854
011100111111	7126	1855
011101000000	92	1856
011101000001	906	1857
011101000010	454	1858
011101000011	924	1859
011101000100	348	1860
011101000101	922	1861
011101000110	858	1862
011101000111	926	1863
011101001000	2204	1864
011101001001	5016	1865
011101001010	5012	1866
011101001011	5020	1867
011101001100	5010	1868
011101001101	5018	1869
011101001110	5014	1870
011101001111	5022	1871
011101010000	458	1872
011101010001	6342	1873
011101010010	4550	1874
011101010011	6598	1875
011101010100	4764	1876
011101010101	6854	1877
011101010110	5062	1878
011101010111	6870	1879
011101011000	2506	1880
011101011001	6602	1881
011101011010	6602	1882
011101011011	14678	1883
011101011100	6602	1884
011101011101	14678	1885
011101011110	14678	1886
011101011111	14686	1887
011101100000	412	1888
011101100001	5002	1889
011101100010	4700	1890
011101100011	5066	1891
011101100100	4444	1892
011101100101	5018	1893
011101100110	4954	1894
011101100111	5082	1895
011101101000	2458	1896
011101101001	6604	1897
011101101010	6858	1898
011101101011	13148	1899
011101101100	6554	1900
011101101101	13142	1901
011101101110	13146	1902
011101101111	13150	1903
011101110000	924	1904
011101110001	6598	1905
011101110010	5066	1906
011101110011	14790	1907
011101110100	5020	1908
011101110101	14678	1909
011101110110	13148	1910
011101110111	14798	1911
011101111000	2510	1912
011101111001	6606	1913
011101111010	6876	1914
011101111011	14798	1915
011101111100	6618	1916
011101111101	14810	1917
011101111110	14812	1918
011101111111	14814	1919
011110000000	92	1920
011110000001	2204	1921
011110000010	458	1922
011110000011	2506	1923
011110000100	412	1924
011110000101	2458	1925
011110000110	924	1926
011110000111	2510	1927
011110001000	906	1928
011110001001	5016	1929
011110001010	6342	1930
011110001011	6602	1931
011110001100	5002	1932
011110001101	6604	1933
011110001110	6598	1934
011110001111	6606	1935
011110010000	454	1936
011110010001	5012	1937
011110010010	4550	1938
011110010011	6602	1939
011110010100	4700	1940
011110010101	6858	1941
011110010110	5066	1942
011110010111	6876	1943
011110011000	924	1944
011110011001	5020	1945
011110011010	6598	1946
011110011011	14678	1947
011110011100	5066	1948
011110011101	13148	1949
011110011110	14790	1950
011110011111	14798	1951
011110100000	348	1952
011110100001	5010	1953
011110100010	4764	1954
011110100011	6602	1955
011110100100	4444	1956
011110100101	6554	1957
011110100110	5020	1958
011110100111	6618	1959
011110101000	922	1960
011110101001	5018	1961
011110101010	6854	1962
011110101011	14678	1963
011110101100	5018	1964
011110101101	13142	1965
011110101110	14678	1966
011110101111	14810	1967
011110110000	858	1968
011110110001	5014	1969
011110110010	5062	1970
011110110011	14678	1971
011110110100	4954	1972
011110110101	13146	1973
011110110110	13148	1974
011110110111	14812	1975
011110111000	926	1976
011110111001	5022	1977
011110111010	6870	1978
011110111011	14686	1979
011110111100	5082	1980
011110111101	13150	1981
011110111110	14798	1982
011110111111	14814	1983
011111000000	206	1984
011111000001	2254	1985
011111000010	462	1986
011111000011	2510	1987
011111000100	476	1988
011111000101	2524	1989
011111000110	974	1990
011111000111	2526	1991
011111001000	2254	1992
011111001001	6616	1993
011111001010	6350	1994
011111001011	6618	1995
011111001100	6364	1996
011111001101	6620	1997
011111001110	6614	1998
011111001111	6622	1999
011111010000	462	2000
011111010001	6350	2001
011111010010	4558	2002
011111010011	6606	2003
011111010100	4814	2004
011111010101	6862	2005
011111010110	5070	2006
011111010111	6878	2007
011111011000	2510	2008
011111011001	6618	2009
011111011010	6606	2010
011111011011	14810	2011
011111011100	6876	2012
011111011101	14812	2013
011111011110	14798	2014
011111011111	14814	2015
011111100000	476	2016
011111100001	6364	2017
011111100010	4814	2018
011111100011	6876	2019
011111100100	4572	2020
011111100101	6620	2021
011111100110	5084	2022
011111100111	7130	2023
011111101000	2524	2024
011111101001	6620	2025
011111101010	6862	2026
011111101011	14812	2027
011111101100	6620	2028
011111101101	15258	2029
011111101110	14812	2030
011111101111	15262	2031
011111110000	974	2032
011111110001	6614	2033
011111110010	5070	2034
011111110011	14798	2035
011111110100	5084	2036
011111110101	14812	2037
011111110110	13262	2038
011111110111	15310	2039
011111111000	2526	2040
011111111001	6622	2041
011111111010	6878	2042
011111111011	14814	2043
011111111100	7130	2044
011111111101	15262	2045
011111111110	15310	2046
011111111111	15326	2047
100000000000	0	2048
100000000001	0	2049
100000000010	0	2050
100000000011	76	2051
100000000100	0	2052
100000000101	74	2053
100000000110	0	2054
100000000111	78	2055
100000001000	0	2056
100000001001	0	2057
100000001010	392	2058
100000001011	396	2059
100000001100	328	2060
100000001101	390	2061
100000001110	394	2062
100000001111	398	2063
100000010000	0	2064
100000010001	392	2065
100000010010	2184	2066
100000010011	2186	2067
100000010100	392	2068
100000010101	904	2069
100000010110	2186	2070
100000010111	2190	2071
100000011000	76	2072
100000011001	396	2073
100000011010	2186	2074
100000011011	2202	2075
100000011100	456	2076
100000011101	908	2077
100000011110	2204	2078
100000011111	2206	2079
100000100000	0	2080
100000100001	328	2081
100000100010	392	2082
100000100011	456	2083
100000100100	280	2084
100000100101	344	2085
100000100110	408	2086
100000100111	472	2087
100000101000	74	2088
100000101001	390	2089
100000101010	904	2090
100000101011	908	2091
100000101100	344	2092
100000101101	856	2093
100000101110	906	2094
100000101111	910	2095
100000110000	0	2096
100000110001	394	2097
100000110010	2186	2098
100000110011	2204	2099
100000110100	408	2100
100000110101	906	2101
100000110110	2252	2102
100000110111	2254	2103
100000111000	78	2104
100000111001	398	2105
100000111010	2190	2106
100000111011	2206	2107
100000111100	472	2108
100000111101	910	2109
100000111110	2254	2110
100000111111	2270	2111
100001000000	0	2112
100001000001	328	2113
100001000010	0	2114
100001000011	332	2115
100001000100	0	2116
100001000101	330	2117
100001000110	0	2118
100001000111	334	2119
100001001000	392	2120
100001001001	4424	2121
100001001010	4420	2122
100001001011	4428	2123
100001001100	4418	2124
100001001101	4426	2125
100001001110	4422	2126
100001001111	4430	2127
100001010000	280	2128
100001010001	4418	2129
100001010010	4370	2130
100001010011	4434	2131
100001010100	4418	2132
100001010101	4546	2133
100001010110	4434	2134
100001010111	4562	2135
100001011000	408	2136
100001011001	4692	2137
100001011010	4436	2138
100001011011	4946	2139
100001011100	4994	2140
100001011101	5058	2141
100001011110	5010	2142
100001011111	5074	2143
100001100000	328	2144
100001100001	4740	2145
100001100010	4424	2146
100001100011	4748	2147
100001100100	4418	2148
100001100101	4742	2149
100001100110	4692	2150
100001100111	4750	2151
100001101000	456	2152
100001101001	4748	2153
100001101010	4548	2154
100001101011	5004	2155
100001101100	4994	2156
100001101101	4998	2157
100001101110	5002	2158
100001101111	5006	2159
100001110000	344	2160
100001110001	4742	2161
100001110010	4440	2162
100001110011	5012	2163
100001110100	4994	2164
100001110101	6342	2165
100001110110	6348	2166
100001110111	6350	2167
100001111000	472	2168
100001111001	4750	2169
100001111010	4564	2170
100001111011	5076	2171
100001111100	6356	2172
100001111101	6358	2173
100001111110	6364	2174
100001111111	6366	2175
100010000000	0	2176
100010000001	392	2177
100010000010	280	2178
100010000011	408	2179
100010000100	328	2180
100010000101	456	2181
100010000110	344	2182
100010000111	472	2183
100010001000	328	2184
100010001001	4424	2185
100010001010	4418	2186
100010001011	4692	2187
100010001100	4740	2188
100010001101	4748	2189
100010001110	4742	2190
100010001111	4750	2191
100010010000	0	2192
100010010001	4420	2193
100010010010	4370	2194
100010010011	4436	2195
100010010100	4424	2196
100010010101	4548	2197
100010010110	4440	2198
100010010111	4564	2199
100010011000	332	2200
100010011001	4428	2201
100010011010	4434	2202
100010011011	4946	2203
100010011100	4748	2204
100010011101	5004	2205
100010011110	5012	2206
100010011111	5076	2207
100010100000	0	2208
100010100001	4418	2209
100010100010	4418	2210
100010100011	4994	2211
100010100100	4418	2212
100010100101	4994	2213
100010100110	4994	2214
100010100111	6356	2215
100010101000	330	2216
100010101001	4426	2217
100010101010	4546	2218
100010101011	5058	2219
100010101100	4742	2220
100010101101	4998	2221
100010101110	6342	2222
100010101111	6358	2223
100010110000	0	2224
100010110001	4422	2225
100010110010	4434	2226
100010110011	5010	2227
100010110100	4692	2228
100010110101	5002	2229
100010110110	6348	2230
100010110111	6364	2231
100010111000	334	2232
100010111001	4430	2233
100010111010	4562	2234
100010111011	5074	2235
100010111100	4750	2236
100010111101	5006	2237
100010111110	6350	2238
100010111111	6366	2239
100011000000	28	2240
100011000001	394	2241
100011000010	282	2242
100011000011	410	2243
100011000100	330	2244
100011000101	458	2245
100011000110	346	2246
100011000111	474	2247
100011001000	394	2248
100011001001	4678	2249
100011001010	4422	2250
100011001011	4694	2251
100011001100	4742	2252
100011001101	4764	2253
100011001110	4758	2254
100011001111	4766	2255
100011010000	282	2256
100011010001	4422	2257
100011010010	4374	2258
100011010011	4438	2259
100011010100	4426	2260
100011010101	4550	2261
100011010110	4442	2262
100011010111	4566	2263
100011011000	410	2264
100011011001	4694	2265
100011011010	4438	2266
100011011011	4950	2267
100011011100	4998	2268
100011011101	5062	2269
100011011110	5014	2270
100011011111	5078	2271
100011100000	330	2272
100011100001	4742	2273
100011100010	4426	2274
100011100011	4998	2275
100011100100	4546	2276
100011100101	6342	2277
100011100110	5058	2278
100011100111	6358	2279
100011101000	458	2280
100011101001	4764	2281
100011101010	4550	2282
100011101011	5062	2283
100011101100	6342	2284
100011101101	6854	2285
100011101110	6598	2286
100011101111	6870	2287
100011110000	346	2288
100011110001	4758	2289
100011110010	4442	2290
100011110011	5014	2291
100011110100	5058	2292
100011110101	6598	2293
100011110110	6550	2294
100011110111	6614	2295
100011111000	474	2296
100011111001	4766	2297
100011111010	4566	2298
100011111011	5078	2299
100011111100	6358	2300
100011111101	6870	2301
100011111110	6614	2302
100011111111	7126	2303
100100000000	0	2304
100100000001	0	2305
100100000010	0	2306
100100000011	404	2307
100100000100	0	2308
100100000101	404	2309
100100000110	0	2310
100100000111	468	2311
100100001000	0	2312
100100001001	0	2313
100100001010	4424	2314
100100001011	4682	2315
100100001100	4424	2316
100100001101	4682	2317
100100001110	4678	2318
100100001111	4686	2319
100100010000	0	2320
100100010001	4424	2321
100100010010	4370	2322
100100010011	4440	2323
100100010100	4420	2324
100100010101	4548	2325
100100010110	4436	2326
100100010111	4564	2327
100100011000	404	2328
100100011001	4682	2329
100100011010	4440	2330
100100011011	4952	2331
100100011100	4548	2332
100100011101	5064	2333
100100011110	5016	2334
100100011111	5080	2335
100100100000	0	2336
100100100001	4424	2337
100100100010	4420	2338
100100100011	4548	2339
100100100100	4370	2340
100100100101	4440	2341
100100100110	4436	2342
100100100111	4564	2343
100100101000	404	2344
100100101001	4682	2345
100100101010	4548	2346
100100101011	5064	2347
100100101100	4440	2348
100100101101	4952	2349
100100101110	5016	2350
100100101111	5080	2351
100100110000	0	2352
100100110001	4678	2353
100100110010	4436	2354
100100110011	5016	2355
100100110100	4436	2356
100100110101	5016	2357
100100110110	6552	2358
100100110111	6616	2359
100100111000	468	2360
100100111001	4686	2361
100100111010	4564	2362
100100111011	5080	2363
100100111100	4564	2364
100100111101	5080	2365
100100111110	6616	2366
100100111111	7128	2367
100101000000	0	2368
100101000001	390	2369
100101000010	0	2370
100101000011	406	2371
100101000100	0	2372
100101000101	454	2373
100101000110	0	2374
100101000111	470	2375
100101001000	396	2376
100101001001	4682	2377
100101001010	4428	2378
100101001011	4698	2379
100101001100	4692	2380
100101001101	4700	2381
100101001110	4694	2382
100101001111	4702	2383
100101010000	282	2384
100101010001	4426	2385
100101010010	4374	2386
100101010011	4442	2387
100101010100	4422	2388
100101010101	4550	2389
100101010110	4438	2390
100101010111	4566	2391
100101011000	412	2392
100101011001	4700	2393
100101011010	4444	2394
100101011011	4954	2395
100101011100	5002	2396
100101011101	5066	2397
100101011110	5018	2398
100101011111	5082	2399
100101100000	332	2400
100101100001	4748	2401
100101100010	4428	2402
100101100011	5004	2403
100101100100	4434	2404
100101100101	5012	2405
100101100110	4946	2406
100101100111	5076	2407
100101101000	460	2408
100101101001	4812	2409
100101101010	4556	2410
100101101011	5068	2411
100101101100	6348	2412
100101101101	6858	2413
100101101110	6604	2414
100101101111	6874	2415
100101110000	348	2416
100101110001	4764	2417
100101110010	4444	2418
100101110011	5020	2419
100101110100	5010	2420
100101110101	6602	2421
100101110110	6554	2422
100101110111	6618	2423
100101111000	476	2424
100101111001	4814	2425
100101111010	4572	2426
100101111011	5084	2427
100101111100	6364	2428
100101111101	6876	2429
100101111110	6620	2430
100101111111	7130	2431
100110000000	0	2432
100110000001	396	2433
100110000010	282	2434
100110000011	412	2435
100110000100	332	2436
100110000101	460	2437
100110000110	348	2438
100110000111	476	2439
100110001000	390	2440
100110001001	4682	2441
100110001010	4426	2442
100110001011	4700	2443
100110001100	4748	2444
100110001101	4812	2445
100110001110	4764	2446
100110001111	4814	2447
100110010000	0	2448
100110010001	4428	2449
100110010010	4374	2450
100110010011	4444	2451
100110010100	4428	2452
100110010101	4556	2453
100110010110	4444	2454
100110010111	4572	2455
100110011000	406	2456
100110011001	4698	2457
100110011010	4442	2458
100110011011	4954	2459
100110011100	5004	2460
100110011101	5068	2461
100110011110	5020	2462
100110011111	5084	2463
100110100000	0	2464
100110100001	4692	2465
100110100010	4422	2466
100110100011	5002	2467
100110100100	4434	2468
100110100101	6348	2469
100110100110	5010	2470
100110100111	6364	2471
100110101000	454	2472
100110101001	4700	2473
100110101010	4550	2474
100110101011	5066	2475
100110101100	5012	2476
100110101101	6858	2477
100110101110	6602	2478
100110101111	6876	2479
100110110000	0	2480
100110110001	4694	2481
100110110010	4438	2482
100110110011	5018	2483
100110110100	4946	2484
100110110101	6604	2485
100110110110	6554	2486
100110110111	6620	2487
100110111000	470	2488
100110111001	4702	2489
100110111010	4566	2490
100110111011	5082	2491
100110111100	5076	2492
100110111101	6874	2493
100110111110	6618	2494
100110111111	7130	2495
100111000000	30	2496
100111000001	398	2497
100111000010	286	2498
100111000011	414	2499
100111000100	334	2500
100111000101	462	2501
100111000110	350	2502
100111000111	478	2503
100111001000	398	2504
100111001001	4686	2505
100111001010	4430	2506
100111001011	4702	2507
100111001100	4750	2508
100111001101	4814	2509
100111001110	4766	2510
100111001111	4830	2511
100111010000	286	2512
100111010001	4430	2513
100111010010	4382	2514
100111010011	4446	2515
100111010100	4430	2516
100111010101	4558	2517
100111010110	4446	2518
100111010111	4574	2519
100111011000	414	2520
100111011001	4702	2521
100111011010	4446	2522
100111011011	4958	2523
100111011100	5006	2524
100111011101	5070	2525
100111011110	5022	2526
100111011111	5086	2527
100111100000	334	2528
100111100001	4750	2529
100111100010	4430	2530
100111100011	5006	2531
100111100100	4562	2532
100111100101	6350	2533
100111100110	5074	2534
100111100111	6366	2535
100111101000	462	2536
100111101001	4814	2537
100111101010	4558	2538
100111101011	5070	2539
100111101100	6350	2540
100111101101	6862	2541
100111101110	6606	2542
100111101111	6878	2543
100111110000	350	2544
100111110001	4766	2545
100111110010	4446	2546
100111110011	5022	2547
100111110100	5074	2548
100111110101	6606	2549
100111110110	6558	2550
100111110111	6622	2551
100111111000	478	2552
100111111001	4830	2553
100111111010	4574	2554
100111111011	5086	2555
100111111100	6366	2556
100111111101	6878	2557
100111111110	6622	2558
100111111111	7134	2559
101000000000	0	2560
101000000001	74	2561
101000000010	0	2562
101000000011	92	2563
101000000100	0	2564
101000000101	90	2565
101000000110	0	2566
101000000111	94	2567
101000001000	76	2568
101000001001	404	2569
101000001010	408	2570
101000001011	412	2571
101000001100	332	2572
101000001101	406	2573
101000001110	410	2574
101000001111	414	2575
101000010000	76	2576
101000010001	456	2577
101000010010	2186	2578
101000010011	2204	2579
101000010100	396	2580
101000010101	908	2581
101000010110	2202	2582
101000010111	2206	2583
101000011000	204	2584
101000011001	460	2585
101000011010	2252	2586
101000011011	2458	2587
101000011100	460	2588
101000011101	972	2589
101000011110	2458	2590
101000011111	2462	2591
101000100000	28	2592
101000100001	330	2593
101000100010	394	2594
101000100011	458	2595
101000100100	282	2596
101000100101	346	2597
101000100110	410	2598
101000100111	474	2599
101000101000	92	2600
101000101001	454	2601
101000101010	906	2602
101000101011	924	2603
101000101100	348	2604
101000101101	858	2605
101000101110	922	2606
101000101111	926	2607
101000110000	92	2608
101000110001	458	2609
101000110010	2204	2610
101000110011	2506	2611
101000110100	412	2612
101000110101	924	2613
101000110110	2458	2614
101000110111	2510	2615
101000111000	206	2616
101000111001	462	2617
101000111010	2254	2618
101000111011	2510	2619
101000111100	476	2620
101000111101	974	2621
101000111110	2524	2622
101000111111	2526	2623
101001000000	0	2624
101001000001	344	2625
101001000010	0	2626
101001000011	348	2627
101001000100	0	2628
101001000101	346	2629
101001000110	0	2630
101001000111	350	2631
101001001000	2186	2632
101001001001	4440	2633
101001001010	4436	2634
101001001011	4444	2635
101001001100	4434	2636
101001001101	4442	2637
101001001110	4438	2638
101001001111	4446	2639
101001010000	408	2640
101001010001	4994	2641
101001010010	4436	2642
101001010011	5010	2643
101001010100	4692	2644
101001010101	5058	2645
101001010110	4946	2646
101001010111	5074	2647
101001011000	2252	2648
101001011001	6348	2649
101001011010	6552	2650
101001011011	6554	2651
101001011100	6348	2652
101001011101	6550	2653
101001011110	6554	2654
101001011111	6558	2655
101001100000	394	2656
101001100001	4742	2657
101001100010	4678	2658
101001100011	4764	2659
101001100100	4422	2660
101001100101	4758	2661
101001100110	4694	2662
101001100111	4766	2663
101001101000	2204	2664
101001101001	5012	2665
101001101010	5016	2666
101001101011	5020	2667
101001101100	5010	2668
101001101101	5014	2669
101001101110	5018	2670
101001101111	5022	2671
101001110000	906	2672
101001110001	6342	2673
101001110010	5016	2674
101001110011	6602	2675
101001110100	5002	2676
101001110101	6598	2677
101001110110	6604	2678
101001110111	6606	2679
101001111000	2254	2680
101001111001	6350	2681
101001111010	6616	2682
101001111011	6618	2683
101001111100	6364	2684
101001111101	6614	2685
101001111110	6620	2686
101001111111	6622	2687
101010000000	74	2688
101010000001	904	2689
101010000010	344	2690
101010000011	906	2691
101010000100	390	2692
101010000101	908	2693
101010000110	856	2694
101010000111	910	2695
101010001000	456	2696
101010001001	4548	2697
101010001010	4994	2698
101010001011	5002	2699
101010001100	4748	2700
101010001101	5004	2701
101010001110	4998	2702
101010001111	5006	2703
101010010000	404	2704
101010010001	4548	2705
101010010010	4440	2706
101010010011	5016	2707
101010010100	4682	2708
101010010101	5064	2709
101010010110	4952	2710
101010010111	5080	2711
101010011000	460	2712
101010011001	4556	2713
101010011010	6348	2714
101010011011	6604	2715
101010011100	4812	2716
101010011101	5068	2717
101010011110	6858	2718
101010011111	6874	2719
101010100000	330	2720
101010100001	4546	2721
101010100010	4742	2722
101010100011	6342	2723
101010100100	4426	2724
101010100101	5058	2725
101010100110	4998	2726
101010100111	6358	2727
101010101000	458	2728
101010101001	4550	2729
101010101010	6342	2730
101010101011	6598	2731
101010101100	4764	2732
101010101101	5062	2733
101010101110	6854	2734
101010101111	6870	2735
101010110000	454	2736
101010110001	4550	2737
101010110010	5012	2738
101010110011	6602	2739
101010110100	4700	2740
101010110101	5066	2741
101010110110	6858	2742
101010110111	6876	2743
101010111000	462	2744
101010111001	4558	2745
101010111010	6350	2746
101010111011	6606	2747
101010111100	4814	2748
101010111101	5070	2749
101010111110	6862	2750
101010111111	6878	2751
101011000000	92	2752
101011000001	906	2753
101011000010	348	2754
101011000011	922	2755
101011000100	454	2756
101011000101	924	2757
101011000110	858	2758
101011000111	926	2759
101011001000	2204	2760
101011001001	5016	2761
101011001010	5010	2762
101011001011	5018	2763
101011001100	5012	2764
101011001101	5020	2765
101011001110	5014	2766
101011001111	5022	2767
101011010000	412	2768
101011010001	5002	2769
101011010010	4444	2770
101011010011	5018	2771
101011010100	4700	2772
101011010101	5066	2773
101011010110	4954	2774
101011010111	5082	2775
101011011000	2458	2776
101011011001	6604	2777
101011011010	6554	2778
101011011011	13142	2779
101011011100	6858	2780
101011011101	13148	2781
101011011110	13146	2782
101011011111	13150	2783
101011100000	458	2784
101011100001	6342	2785
101011100010	4764	2786
101011100011	6854	2787
101011100100	4550	2788
101011100101	6598	2789
101011100110	5062	2790
101011100111	6870	2791
101011101000	2506	2792
101011101001	6602	2793
101011101010	6602	2794
101011101011	14678	2795
101011101100	6602	2796
101011101101	14678	2797
101011101110	14678	2798
101011101111	14686	2799
101011110000	924	2800
101011110001	6598	2801
101011110010	5020	2802
101011110011	14678	2803
101011110100	5066	2804
101011110101	14790	2805
101011110110	13148	2806
101011110111	14798	2807
101011111000	2510	2808
101011111001	6606	2809
101011111010	6618	2810
101011111011	14810	2811
101011111100	6876	2812
101011111101	14798	2813
101011111110	14812	2814
101011111111	14814	2815
101100000000	0	2816
101100000001	390	2817
101100000010	0	2818
101100000011	454	2819
101100000100	0	2820
101100000101	406	2821
101100000110	0	2822
101100000111	470	2823
101100001000	396	2824
101100001001	4682	2825
101100001010	4692	2826
101100001011	4700	2827
101100001100	4428	2828
101100001101	4698	2829
101100001110	4694	2830
101100001111	4702	2831
101100010000	332	2832
101100010001	4748	2833
101100010010	4434	2834
101100010011	5012	2835
101100010100	4428	2836
101100010101	5004	2837
101100010110	4946	2838
101100010111	5076	2839
101100011000	460	2840
101100011001	4812	2841
101100011010	6348	2842
101100011011	6858	2843
101100011100	4556	2844
101100011101	5068	2845
101100011110	6604	2846
101100011111	6874	2847
101100100000	282	2848
101100100001	4426	2849
101100100010	4422	2850
101100100011	4550	2851
101100100100	4374	2852
101100100101	4442	2853
101100100110	4438	2854
101100100111	4566	2855
101100101000	412	2856
101100101001	4700	2857
101100101010	5002	2858
101100101011	5066	2859
101100101100	4444	2860
101100101101	4954	2861
101100101110	5018	2862
101100101111	5082	2863
101100110000	348	2864
101100110001	4764	2865
101100110010	5010	2866
101100110011	6602	2867
101100110100	4444	2868
101100110101	5020	2869
101100110110	6554	2870
101100110111	6618	2871
101100111000	476	2872
101100111001	4814	2873
101100111010	6364	2874
101100111011	6876	2875
101100111100	4572	2876
101100111101	5084	2877
101100111110	6620	2878
101100111111	7130	2879
101101000000	0	2880
101101000001	856	2881
101101000010	0	2882
101101000011	858	2883
101101000100	0	2884
101101000101	858	2885
101101000110	0	2886
101101000111	862	2887
101101001000	2202	2888
101101001001	4952	2889
101101001010	4946	2890
101101001011	4954	2891
101101001100	4946	2892
101101001101	4954	2893
101101001110	4950	2894
101101001111	4958	2895
101101010000	410	2896
101101010001	4998	2897
101101010010	4438	2898
101101010011	5014	2899
101101010100	4694	2900
101101010101	5062	2901
101101010110	4950	2902
101101010111	5078	2903
101101011000	2458	2904
101101011001	6858	2905
101101011010	6554	2906
101101011011	13146	2907
101101011100	6604	2908
101101011101	13148	2909
101101011110	13142	2910
101101011111	13150	2911
101101100000	410	2912
101101100001	4998	2913
101101100010	4694	2914
101101100011	5062	2915
101101100100	4438	2916
101101100101	5014	2917
101101100110	4950	2918
101101100111	5078	2919
101101101000	2458	2920
101101101001	6858	2921
101101101010	6604	2922
101101101011	13148	2923
101101101100	6554	2924
101101101101	13146	2925
101101101110	13142	2926
101101101111	13150	2927
101101110000	922	2928
101101110001	6854	2929
101101110010	5018	2930
101101110011	14678	2931
101101110100	5018	2932
101101110101	14678	2933
101101110110	13142	2934
101101110111	14810	2935
101101111000	2524	2936
101101111001	6862	2937
101101111010	6620	2938
101101111011	14812	2939
101101111100	6620	2940
101101111101	14812	2941
101101111110	15258	2942
101101111111	15262	2943
101110000000	90	2944
101110000001	908	2945
101110000010	346	2946
101110000011	924	2947
101110000100	406	2948
101110000101	972	2949
101110000110	858	2950
101110000111	974	2951
101110001000	908	2952
101110001001	5064	2953
101110001010	5058	2954
101110001011	5066	2955
101110001100	5004	2956
101110001101	5068	2957
101110001110	5062	2958
101110001111	5070	2959
101110010000	406	2960
101110010001	5004	2961
101110010010	4442	2962
101110010011	5020	2963
101110010100	4698	2964
101110010101	5068	2965
101110010110	4954	2966
101110010111	5084	2967
101110011000	972	2968
101110011001	5068	2969
101110011010	6550	2970
101110011011	13148	2971
101110011100	5068	2972
101110011101	13260	2973
101110011110	13148	2974
101110011111	13262	2975
101110100000	346	2976
101110100001	5058	2977
101110100010	4758	2978
101110100011	6598	2979
101110100100	4442	2980
101110100101	6550	2981
101110100110	5014	2982
101110100111	6614	2983
101110101000	924	2984
101110101001	5066	2985
101110101010	6598	2986
101110101011	14790	2987
101110101100	5020	2988
101110101101	13148	2989
101110101110	14678	2990
101110101111	14798	2991
101110110000	858	2992
101110110001	5062	2993
101110110010	5014	2994
101110110011	14678	2995
101110110100	4954	2996
101110110101	13148	2997
101110110110	13146	2998
101110110111	14812	2999
101110111000	974	3000
101110111001	5070	3001
101110111010	6614	3002
101110111011	14798	3003
101110111100	5084	3004
101110111101	13262	3005
101110111110	14812	3006
101110111111	15310	3007
101111000000	94	3008
101111000001	910	3009
101111000010	350	3010
101111000011	926	3011
101111000100	470	3012
101111000101	974	3013
101111000110	862	3014
101111000111	990	3015
101111001000	2206	3016
101111001001	5080	3017
101111001010	5074	3018
101111001011	5082	3019
101111001100	5076	3020
101111001101	5084	3021
101111001110	5078	3022
101111001111	5086	3023
101111010000	414	3024
101111010001	5006	3025
101111010010	4446	3026
101111010011	5022	3027
101111010100	4702	3028
101111010101	5070	3029
101111010110	4958	3030
101111010111	5086	3031
101111011000	2462	3032
101111011001	6874	3033
101111011010	6558	3034
101111011011	13150	3035
101111011100	6874	3036
101111011101	13262	3037
101111011110	13150	3038
101111011111	13278	3039
101111100000	474	3040
101111100001	6358	3041
101111100010	4766	3042
101111100011	6870	3043
101111100100	4566	3044
101111100101	6614	3045
101111100110	5078	3046
101111100111	7126	3047
101111101000	2510	3048
101111101001	6876	3049
101111101010	6606	3050
101111101011	14798	3051
101111101100	6618	3052
101111101101	14812	3053
101111101110	14810	3054
101111101111	14814	3055
101111110000	926	3056
101111110001	6870	3057
101111110010	5022	3058
101111110011	14686	3059
101111110100	5082	3060
101111110101	14798	3061
101111110110	13150	3062
101111110111	14814	3063
101111111000	2526	3064
101111111001	6878	3065
101111111010	6622	3066
101111111011	14814	3067
101111111100	7130	3068
101111111101	15310	3069
101111111110	15262	3070
101111111111	15326	3071
110000000000	0	3072
110000000001	76	3073
110000000010	76	3074
110000000011	204	3075
110000000100	28	3076
110000000101	92	3077
110000000110	92	3078
110000000111	206	3079
110000001000	74	3080
110000001001	404	3081
110000001010	456	3082
110000001011	460	3083
110000001100	330	3084
110000001101	454	3085
110000001110	458	3086
110000001111	462	3087
110000010000	0	3088
110000010001	408	3089
110000010010	2186	3090
110000010011	2252	3091
110000010100	394	3092
110000010101	906	3093
110000010110	2204	3094
110000010111	2254	3095
110000011000	92	3096
110000011001	412	3097
110000011010	2204	3098
110000011011	2458	3099
110000011100	458	3100
110000011101	924	3101
110000011110	2506	3102
110000011111	2510	3103
110000100000	0	3104
110000100001	332	3105
110000100010	396	3106
110000100011	460	3107
110000100100	282	3108
110000100101	348	3109
110000100110	412	3110
110000100111	476	3111
110000101000	90	3112
110000101001	406	3113
110000101010	908	3114
110000101011	972	3115
110000101100	346	3116
110000101101	858	3117
110000101110	924	3118
110000101111	974	3119
110000110000	0	3120
110000110001	410	3121
110000110010	2202	3122
110000110011	2458	3123
110000110100	410	3124
110000110101	922	3125
110000110110	2458	3126
110000110111	2524	3127
110000111000	94	3128
110000111001	414	3129
110000111010	2206	3130
110000111011	2462	3131
110000111100	474	3132
110000111101	926	3133
110000111110	2510	3134
110000111111	2526	3135
110001000000	74	3136
110001000001	456	3137
110001000010	404	3138
110001000011	460	3139
110001000100	330	3140
110001000101	458	3141
110001000110	454	3142
110001000111	462	3143
110001001000	904	3144
110001001001	4548	3145
110001001010	4548	3146
110001001011	4556	3147
110001001100	4546	3148
110001001101	4550	3149
110001001110	4550	3150
110001001111	4558	3151
110001010000	344	3152
110001010001	4994	3153
110001010010	4440	3154
110001010011	6348	3155
110001010100	4742	3156
110001010101	6342	3157
110001010110	5012	3158
110001010111	6350	3159
110001011000	906	3160
110001011001	5002	3161
110001011010	5016	3162
110001011011	6604	3163
110001011100	6342	3164
110001011101	6598	3165
110001011110	6602	3166
110001011111	6606	3167
110001100000	390	3168
110001100001	4748	3169
110001100010	4682	3170
110001100011	4812	3171
110001100100	4426	3172
110001100101	4764	3173
110001100110	4700	3174
110001100111	4814	3175
110001101000	908	3176
110001101001	5004	3177
110001101010	5064	3178
110001101011	5068	3179
110001101100	5058	3180
110001101101	5062	3181
110001101110	5066	3182
110001101111	5070	3183
110001110000	856	3184
110001110001	4998	3185
110001110010	4952	3186
110001110011	6858	3187
110001110100	4998	3188
110001110101	6854	3189
110001110110	6858	3190
110001110111	6862	3191
110001111000	910	3192
110001111001	5006	3193
110001111010	5080	3194
110001111011	6874	3195
110001111100	6358	3196
110001111101	6870	3197
110001111110	6876	3198
110001111111	6878	3199
110010000000	0	3200
110010000001	2186	3201
110010000010	408	3202
110010000011	2252	3203
110010000100	394	3204
110010000101	2204	3205
110010000110	906	3206
110010000111	2254	3207
110010001000	344	3208
110010001001	4440	3209
110010001010	4994	3210
110010001011	6348	3211
110010001100	4742	3212
110010001101	5012	3213
110010001110	6342	3214
110010001111	6350	3215
110010010000	0	3216
110010010001	4436	3217
110010010010	4436	3218
110010010011	6552	3219
110010010100	4678	3220
110010010101	5016	3221
110010010110	5016	3222
110010010111	6616	3223
110010011000	348	3224
110010011001	4444	3225
110010011010	5010	3226
110010011011	6554	3227
110010011100	4764	3228
110010011101	5020	3229
110010011110	6602	3230
110010011111	6618	3231
110010100000	0	3232
110010100001	4434	3233
110010100010	4692	3234
110010100011	6348	3235
110010100100	4422	3236
110010100101	5010	3237
110010100110	5002	3238
110010100111	6364	3239
110010101000	346	3240
110010101001	4442	3241
110010101010	5058	3242
110010101011	6550	3243
110010101100	4758	3244
110010101101	5014	3245
110010101110	6598	3246
110010101111	6614	3247
110010110000	0	3248
110010110001	4438	3249
110010110010	4946	3250
110010110011	6554	3251
110010110100	4694	3252
110010110101	5018	3253
110010110110	6604	3254
110010110111	6620	3255
110010111000	350	3256
110010111001	4446	3257
110010111010	5074	3258
110010111011	6558	3259
110010111100	4766	3260
110010111101	5022	3261
110010111110	6606	3262
110010111111	6622	3263
110011000000	92	3264
110011000001	2204	3265
110011000010	412	3266
110011000011	2458	3267
110011000100	458	3268
110011000101	2506	3269
110011000110	924	3270
110011000111	2510	3271
110011001000	906	3272
110011001001	5016	3273
110011001010	5002	3274
110011001011	6604	3275
110011001100	6342	3276
110011001101	6602	3277
110011001110	6598	3278
110011001111	6606	3279
110011010000	348	3280
110011010001	5010	3281
110011010010	4444	3282
110011010011	6554	3283
110011010100	4764	3284
110011010101	6602	3285
110011010110	5020	3286
110011010111	6618	3287
110011011000	922	3288
110011011001	5018	3289
110011011010	5018	3290
110011011011	13142	3291
110011011100	6854	3292
110011011101	14678	3293
110011011110	14678	3294
110011011111	14810	3295
110011100000	454	3296
110011100001	5012	3297
110011100010	4700	3298
110011100011	6858	3299
110011100100	4550	3300
110011100101	6602	3301
110011100110	5066	3302
110011100111	6876	3303
110011101000	924	3304
110011101001	5020	3305
110011101010	5066	3306
110011101011	13148	3307
110011101100	6598	3308
110011101101	14678	3309
110011101110	14790	3310
110011101111	14798	3311
110011110000	858	3312
110011110001	5014	3313
110011110010	4954	3314
110011110011	13146	3315
110011110100	5062	3316
110011110101	14678	3317
110011110110	13148	3318
110011110111	14812	3319
110011111000	926	3320
110011111001	5022	3321
110011111010	5082	3322
110011111011	13150	3323
110011111100	6870	3324
110011111101	14686	3325
110011111110	14798	3326
110011111111	14814	3327
110100000000	0	3328
110100000001	396	3329
110100000010	332	3330
110100000011	460	3331
110100000100	282	3332
110100000101	412	3333
110100000110	348	3334
110100000111	476	3335
110100001000	390	3336
110100001001	4682	3337
110100001010	4748	3338
110100001011	4812	3339
110100001100	4426	3340
110100001101	4700	3341
110100001110	4764	3342
110100001111	4814	3343
110100010000	0	3344
110100010001	4692	3345
110100010010	4434	3346
110100010011	6348	3347
110100010100	4422	3348
110100010101	5002	3349
110100010110	5010	3350
110100010111	6364	3351
110100011000	454	3352
110100011001	4700	3353
110100011010	5012	3354
110100011011	6858	3355
110100011100	4550	3356
110100011101	5066	3357
110100011110	6602	3358
110100011111	6876	3359
110100100000	0	3360
110100100001	4428	3361
110100100010	4428	3362
110100100011	4556	3363
110100100100	4374	3364
110100100101	4444	3365
110100100110	4444	3366
110100100111	4572	3367
110100101000	406	3368
110100101001	4698	3369
110100101010	5004	3370
110100101011	5068	3371
110100101100	4442	3372
110100101101	4954	3373
110100101110	5020	3374
110100101111	5084	3375
110100110000	0	3376
110100110001	4694	3377
110100110010	4946	3378
110100110011	6604	3379
110100110100	4438	3380
110100110101	5018	3381
110100110110	6554	3382
110100110111	6620	3383
110100111000	470	3384
110100111001	4702	3385
110100111010	5076	3386
110100111011	6874	3387
110100111100	4566	3388
110100111101	5082	3389
110100111110	6618	3390
110100111111	7130	3391
110101000000	90	3392
110101000001	908	3393
110101000010	406	3394
110101000011	972	3395
110101000100	346	3396
110101000101	924	3397
110101000110	858	3398
110101000111	974	3399
110101001000	908	3400
110101001001	5064	3401
110101001010	5004	3402
110101001011	5068	3403
110101001100	5058	3404
110101001101	5066	3405
110101001110	5062	3406
110101001111	5070	3407
110101010000	346	3408
110101010001	5058	3409
110101010010	4442	3410
110101010011	6550	3411
110101010100	4758	3412
110101010101	6598	3413
110101010110	5014	3414
110101010111	6614	3415
110101011000	924	3416
110101011001	5066	3417
110101011010	5020	3418
110101011011	13148	3419
110101011100	6598	3420
110101011101	14790	3421
110101011110	14678	3422
110101011111	14798	3423
110101100000	406	3424
110101100001	5004	3425
110101100010	4698	3426
110101100011	5068	3427
110101100100	4442	3428
110101100101	5020	3429
110101100110	4954	3430
110101100111	5084	3431
110101101000	972	3432
110101101001	5068	3433
110101101010	5068	3434
110101101011	13260	3435
110101101100	6550	3436
110101101101	13148	3437
110101101110	13148	3438
110101101111	13262	3439
110101110000	858	3440
110101110001	5062	3441
110101110010	4954	3442
110101110011	13148	3443
110101110100	5014	3444
110101110101	14678	3445
110101110110	13146	3446
110101110111	14812	3447
110101111000	974	3448
110101111001	5070	3449
110101111010	5084	3450
110101111011	13262	3451
110101111100	6614	3452
110101111101	14798	3453
110101111110	14812	3454
110101111111	15310	3455
110110000000	0	3456
110110000001	2202	3457
110110000010	410	3458
110110000011	2458	3459
110110000100	410	3460
110110000101	2458	3461
110110000110	922	3462
110110000111	2524	3463
110110001000	856	3464
110110001001	4952	3465
110110001010	4998	3466
110110001011	6858	3467
110110001100	4998	3468
110110001101	6858	3469
110110001110	6854	3470
110110001111	6862	3471
110110010000	0	3472
110110010001	4946	3473
110110010010	4438	3474
110110010011	6554	3475
110110010100	4694	3476
110110010101	6604	3477
110110010110	5018	3478
110110010111	6620	3479
110110011000	858	3480
110110011001	4954	3481
110110011010	5014	3482
110110011011	13146	3483
110110011100	5062	3484
110110011101	13148	3485
110110011110	14678	3486
110110011111	14812	3487
110110100000	0	3488
110110100001	4946	3489
110110100010	4694	3490
110110100011	6604	3491
110110100100	4438	3492
110110100101	6554	3493
110110100110	5018	3494
110110100111	6620	3495
110110101000	858	3496
110110101001	4954	3497
110110101010	5062	3498
110110101011	13148	3499
110110101100	5014	3500
110110101101	13146	3501
110110101110	14678	3502
110110101111	14812	3503
110110110000	0	3504
110110110001	4950	3505
110110110010	4950	3506
110110110011	13142	3507
110110110100	4950	3508
110110110101	13142	3509
110110110110	13142	3510
110110110111	15258	3511
110110111000	862	3512
110110111001	4958	3513
110110111010	5078	3514
110110111011	13150	3515
110110111100	5078	3516
110110111101	13150	3517
110110111110	14810	3518
110110111111	15262	3519
110111000000	94	3520
110111000001	2206	3521
110111000010	414	3522
110111000011	2462	3523
110111000100	474	3524
110111000101	2510	3525
110111000110	926	3526
110111000111	2526	3527
110111001000	910	3528
110111001001	5080	3529
110111001010	5006	3530
110111001011	6874	3531
110111001100	6358	3532
110111001101	6876	3533
110111001110	6870	3534
110111001111	6878	3535
110111010000	350	3536
110111010001	5074	3537
110111010010	4446	3538
110111010011	6558	3539
110111010100	4766	3540
110111010101	6606	3541
110111010110	5022	3542
110111010111	6622	3543
110111011000	926	3544
110111011001	5082	3545
110111011010	5022	3546
110111011011	13150	3547
110111011100	6870	3548
110111011101	14798	3549
110111011110	14686	3550
110111011111	14814	3551
110111100000	470	3552
110111100001	5076	3553
110111100010	4702	3554
110111100011	6874	3555
110111100100	4566	3556
110111100101	6618	3557
110111100110	5082	3558
110111100111	7130	3559
110111101000	974	3560
110111101001	5084	3561
110111101010	5070	3562
110111101011	13262	3563
110111101100	6614	3564
110111101101	14812	3565
110111101110	14798	3566
110111101111	15310	3567
110111110000	862	3568
110111110001	5078	3569
110111110010	4958	3570
110111110011	13150	3571
110111110100	5078	3572
110111110101	14810	3573
110111110110	13150	3574
110111110111	15262	3575
110111111000	990	3576
110111111001	5086	3577
110111111010	5086	3578
110111111011	13278	3579
110111111100	7126	3580
110111111101	14814	3581
110111111110	14814	3582
110111111111	15326	3583
111000000000	14	3584
111000000001	78	3585
111000000010	78	3586
111000000011	206	3587
111000000100	30	3588
111000000101	94	3589
111000000110	94	3590
111000000111	222	3591
111000001000	78	3592
111000001001	468	3593
111000001010	472	3594
111000001011	476	3595
111000001100	334	3596
111000001101	470	3597
111000001110	474	3598
111000001111	478	3599
111000010000	78	3600
111000010001	472	3601
111000010010	2190	3602
111000010011	2254	3603
111000010100	398	3604
111000010101	910	3605
111000010110	2206	3606
111000010111	2270	3607
111000011000	206	3608
111000011001	476	3609
111000011010	2254	3610
111000011011	2524	3611
111000011100	462	3612
111000011101	974	3613
111000011110	2510	3614
111000011111	2526	3615
111000100000	30	3616
111000100001	334	3617
111000100010	398	3618
111000100011	462	3619
111000100100	286	3620
111000100101	350	3621
111000100110	414	3622
111000100111	478	3623
111000101000	94	3624
111000101001	470	3625
111000101010	910	3626
111000101011	974	3627
111000101100	350	3628
111000101101	862	3629
111000101110	926	3630
111000101111	990	3631
111000110000	94	3632
111000110001	474	3633
111000110010	2206	3634
111000110011	2510	3635
111000110100	414	3636
111000110101	926	3637
111000110110	2462	3638
111000110111	2526	3639
111000111000	222	3640
111000111001	478	3641
111000111010	2270	3642
111000111011	2526	3643
111000111100	478	3644
111000111101	990	3645
111000111110	2526	3646
111000111111	3038	3647
111001000000	78	3648
111001000001	472	3649
111001000010	468	3650
111001000011	476	3651
111001000100	334	3652
111001000101	474	3653
111001000110	470	3654
111001000111	478	3655
111001001000	2190	3656
111001001001	4564	3657
111001001010	4564	3658
111001001011	4572	3659
111001001100	4562	3660
111001001101	4566	3661
111001001110	4566	3662
111001001111	4574	3663
111001010000	472	3664
111001010001	6356	3665
111001010010	4564	3666
111001010011	6364	3667
111001010100	4750	3668
111001010101	6358	3669
111001010110	5076	3670
111001010111	6366	3671
111001011000	2254	3672
111001011001	6364	3673
111001011010	6616	3674
111001011011	6620	3675
111001011100	6350	3676
111001011101	6614	3677
111001011110	6618	3678
111001011111	6622	3679
111001100000	398	3680
111001100001	4750	3681
111001100010	4686	3682
111001100011	4814	3683
111001100100	4430	3684
111001100101	4766	3685
111001100110	4702	3686
111001100111	4830	3687
111001101000	2206	3688
111001101001	5076	3689
111001101010	5080	3690
111001101011	5084	3691
111001101100	5074	3692
111001101101	5078	3693
111001101110	5082	3694
111001101111	5086	3695
111001110000	910	3696
111001110001	6358	3697
111001110010	5080	3698
111001110011	6876	3699
111001110100	5006	3700
111001110101	6870	3701
111001110110	6874	3702
111001110111	6878	3703
111001111000	2270	3704
111001111001	6366	3705
111001111010	7128	3706
111001111011	7130	3707
111001111100	6366	3708
111001111101	7126	3709
111001111110	7130	3710
111001111111	7134	3711
111010000000	78	3712
111010000001	2190	3713
111010000010	472	3714
111010000011	2254	3715
111010000100	398	3716
111010000101	2206	3717
111010000110	910	3718
111010000111	2270	3719
111010001000	472	3720
111010001001	4564	3721
111010001010	6356	3722
111010001011	6364	3723
111010001100	4750	3724
111010001101	5076	3725
111010001110	6358	3726
111010001111	6366	3727
111010010000	468	3728
111010010001	4564	3729
111010010010	4564	3730
111010010011	6616	3731
111010010100	4686	3732
111010010101	5080	3733
111010010110	5080	3734
111010010111	7128	3735
111010011000	476	3736
111010011001	4572	3737
111010011010	6364	3738
111010011011	6620	3739
111010011100	4814	3740
111010011101	5084	3741
111010011110	6876	3742
111010011111	7130	3743
111010100000	334	3744
111010100001	4562	3745
111010100010	4750	3746
111010100011	6350	3747
111010100100	4430	3748
111010100101	5074	3749
111010100110	5006	3750
111010100111	6366	3751
111010101000	474	3752
111010101001	4566	3753
111010101010	6358	3754
111010101011	6614	3755
111010101100	4766	3756
111010101101	5078	3757
111010101110	6870	3758
111010101111	7126	3759
111010110000	470	3760
111010110001	4566	3761
111010110010	5076	3762
111010110011	6618	3763
111010110100	4702	3764
111010110101	5082	3765
111010110110	6874	3766
111010110111	7130	3767
111010111000	478	3768
111010111001	4574	3769
111010111010	6366	3770
111010111011	6622	3771
111010111100	4830	3772
111010111101	5086	3773
111010111110	6878	3774
111010111111	7134	3775
111011000000	206	3776
111011000001	2254	3777
111011000010	476	3778
111011000011	2524	3779
111011000100	462	3780
111011000101	2510	3781
111011000110	974	3782
111011000111	2526	3783
111011001000	2254	3784
111011001001	6616	3785
111011001010	6364	3786
111011001011	6620	3787
111011001100	6350	3788
111011001101	6618	3789
111011001110	6614	3790
111011001111	6622	3791
111011010000	476	3792
111011010001	6364	3793
111011010010	4572	3794
111011010011	6620	3795
111011010100	4814	3796
111011010101	6876	3797
111011010110	5084	3798
111011010111	7130	3799
111011011000	2524	3800
111011011001	6620	3801
111011011010	6620	3802
111011011011	15258	3803
111011011100	6862	3804
111011011101	14812	3805
111011011110	14812	3806
111011011111	15262	3807
111011100000	462	3808
111011100001	6350	3809
111011100010	4814	3810
111011100011	6862	3811
111011100100	4558	3812
111011100101	6606	3813
111011100110	5070	3814
111011100111	6878	3815
111011101000	2510	3816
111011101001	6618	3817
111011101010	6876	3818
111011101011	14812	3819
111011101100	6606	3820
111011101101	14810	3821
111011101110	14798	3822
111011101111	14814	3823
111011110000	974	3824
111011110001	6614	3825
111011110010	5084	3826
111011110011	14812	3827
111011110100	5070	3828
111011110101	14798	3829
111011110110	13262	3830
111011110111	15310	3831
111011111000	2526	3832
111011111001	6622	3833
111011111010	7130	3834
111011111011	15262	3835
111011111100	6878	3836
111011111101	14814	3837
111011111110	15310	3838
111011111111	15326	3839
111100000000	30	3840
111100000001	398	3841
111100000010	334	3842
111100000011	462	3843
111100000100	286	3844
111100000101	414	3845
111100000110	350	3846
111100000111	478	3847
111100001000	398	3848
111100001001	4686	3849
111100001010	4750	3850
111100001011	4814	3851
111100001100	4430	3852
111100001101	4702	3853
111100001110	4766	3854
111100001111	4830	3855
111100010000	334	3856
111100010001	4750	3857
111100010010	4562	3858
111100010011	6350	3859
111100010100	4430	3860
111100010101	5006	3861
111100010110	5074	3862
111100010111	6366	3863
111100011000	462	3864
111100011001	4814	3865
111100011010	6350	3866
111100011011	6862	3867
111100011100	4558	3868
111100011101	5070	3869
111100011110	6606	3870
111100011111	6878	3871
111100100000	286	3872
111100100001	4430	3873
111100100010	4430	3874
111100100011	4558	3875
111100100100	4382	3876
111100100101	4446	3877
111100100110	4446	3878
111100100111	4574	3879
111100101000	414	3880
111100101001	4702	3881
111100101010	5006	3882
111100101011	5070	3883
111100101100	4446	3884
111100101101	4958	3885
111100101110	5022	3886
111100101111	5086	3887
111100110000	350	3888
111100110001	4766	3889
111100110010	5074	3890
111100110011	6606	3891
111100110100	4446	3892
111100110101	5022	3893
111100110110	6558	3894
111100110111	6622	3895
111100111000	478	3896
111100111001	4830	3897
111100111010	6366	3898
111100111011	6878	3899
111100111100	4574	3900
111100111101	5086	3901
111100111110	6622	3902
111100111111	7134	3903
111101000000	94	3904
111101000001	910	3905
111101000010	470	3906
111101000011	974	3907
111101000100	350	3908
111101000101	926	3909
111101000110	862	3910
111101000111	990	3911
111101001000	2206	3912
111101001001	5080	3913
111101001010	5076	3914
111101001011	5084	3915
111101001100	5074	3916
111101001101	5082	3917
111101001110	5078	3918
111101001111	5086	3919
111101010000	474	3920
111101010001	6358	3921
111101010010	4566	3922
111101010011	6614	3923
111101010100	4766	3924
111101010101	6870	3925
111101010110	5078	3926
111101010111	7126	3927
111101011000	2510	3928
111101011001	6876	3929
111101011010	6618	3930
111101011011	14812	3931
111101011100	6606	3932
111101011101	14798	3933
111101011110	14810	3934
111101011111	14814	3935
111101100000	414	3936
111101100001	5006	3937
111101100010	4702	3938
111101100011	5070	3939
111101100100	4446	3940
111101100101	5022	3941
111101100110	4958	3942
111101100111	5086	3943
111101101000	2462	3944
111101101001	6874	3945
111101101010	6874	3946
111101101011	13262	3947
111101101100	6558	3948
111101101101	13150	3949
111101101110	13150	3950
111101101111	13278	3951
111101110000	926	3952
111101110001	6870	3953
111101110010	5082	3954
111101110011	14798	3955
111101110100	5022	3956
111101110101	14686	3957
111101110110	13150	3958
111101110111	14814	3959
111101111000	2526	3960
111101111001	6878	3961
111101111010	7130	3962
111101111011	15310	3963
111101111100	6622	3964
111101111101	14814	3965
111101111110	15262	3966
111101111111	15326	3967
111110000000	94	3968
111110000001	2206	3969
111110000010	474	3970
111110000011	2510	3971
111110000100	414	3972
111110000101	2462	3973
111110000110	926	3974
111110000111	2526	3975
111110001000	910	3976
111110001001	5080	3977
111110001010	6358	3978
111110001011	6876	3979
111110001100	5006	3980
111110001101	6874	3981
111110001110	6870	3982
111110001111	6878	3983
111110010000	470	3984
111110010001	5076	3985
111110010010	4566	3986
111110010011	6618	3987
111110010100	4702	3988
111110010101	6874	3989
111110010110	5082	3990
111110010111	7130	3991
111110011000	974	3992
111110011001	5084	3993
111110011010	6614	3994
111110011011	14812	3995
111110011100	5070	3996
111110011101	13262	3997
111110011110	14798	3998
111110011111	15310	3999
111110100000	350	4000
111110100001	5074	4001
111110100010	4766	4002
111110100011	6606	4003
111110100100	4446	4004
111110100101	6558	4005
111110100110	5022	4006
111110100111	6622	4007
111110101000	926	4008
111110101001	5082	4009
111110101010	6870	4010
111110101011	14798	4011
111110101100	5022	4012
111110101101	13150	4013
111110101110	14686	4014
111110101111	14814	4015
111110110000	862	4016
111110110001	5078	4017
111110110010	5078	4018
111110110011	14810	4019
111110110100	4958	4020
111110110101	13150	4021
111110110110	13150	4022
111110110111	15262	4023
111110111000	990	4024
111110111001	5086	4025
111110111010	7126	4026
111110111011	14814	4027
111110111100	5086	4028
111110111101	13278	4029
111110111110	14814	4030
111110111111	15326	4031
111111000000	222	4032
111111000001	2270	4033
111111000010	478	4034
111111000011	2526	4035
111111000100	478	4036
111111000101	2526	4037
111111000110	990	4038
111111000111	3038	4039
111111001000	2270	4040
111111001001	7128	4041
111111001010	6366	4042
111111001011	7130	4043
111111001100	6366	4044
111111001101	7130	4045
111111001110	7126	4046
111111001111	7134	4047
111111010000	478	4048
111111010001	6366	4049
111111010010	4574	4050
111111010011	6622	4051
111111010100	4830	4052
111111010101	6878	4053
111111010110	5086	4054
111111010111	7134	4055
111111011000	2526	4056
111111011001	7130	4057
111111011010	6622	4058
111111011011	15262	4059
111111011100	6878	4060
111111011101	15310	4061
111111011110	14814	4062
111111011111	15326	4063
111111100000	478	4064
111111100001	6366	4065
111111100010	4830	4066
111111100011	6878	4067
111111100100	4574	4068
111111100101	6622	4069
111111100110	5086	4070
111111100111	7134	4071
111111101000	2526	4072
111111101001	7130	4073
111111101010	6878	4074
111111101011	15310	4075
111111101100	6622	4076
111111101101	15262	4077
111111101110	14814	4078
111111101111	15326	4079
111111110000	990	4080
111111110001	7126	4081
111111110010	5086	4082
111111110011	14814	4083
111111110100	5086	4084
111111110101	14814	4085
111111110110	13278	4086
111111110111	15326	4087
111111111000	3038	4088
111111111001	7134	4089
111111111010	7134	4090
111111111011	15326	4091
111111111100	7134	4092
111111111101	15326	4093
111111111110	15326	4094
111111111111	31710	4095
